symbol,timetoexpiry,strike,last,bid,ask,volume,openint,curprice,histvol,implvol,bsval
TPX,76,47.5,15.1,17.3,17.9,519,801,64.519997,0.284340273520513,0.577705125400484,17.0419651685828
DLPH,139,115,1,0.8,0.95,21,19,98.400002,0.205968838892332,0.22375547555846,0.717292144504421
CBS,34,58,1.53,1.75,2.01,10,10,58,0.3072388218086,0.284708189482343,2.16895048489262
CBS,20,70,0.06,0,0.11,100,1008,58,0.3072388218086,0.458576295470597,0.00639479431797907
MMP,111,82.5,0.03,0,0.1,54,228,71.059998,0.105834546884021,0.153126754085861,0.00747648312610782
CLS,76,17.5,0.25,0.15,0.25,250,20,12.38,0.22573630276334,0.642424037716527,0.000152926022594642
MTN,20,195,30,32.7,35.7,2,165,228.119995,0.195637896798745,0.655625572935537,33.1207516633208
XL,48,42,0.63,0.65,0.87,450,862,39.450001,0.448735331314219,0.318639785175341,1.55867814336548
IHG,111,60,0.9,1,1.6,150,1,52.889999,0.140889223874247,0.342409687627242,0.0961907019246264
CPL,76,17.5,0.55,0.25,0.7,27,84,17.16,0.102025086767523,0.272570622243122,0.179996029762006
KAI,202,110,1.78,2.7,3.6,13,13,98.550003,0.0909725600209528,0.261275561109431,0.154612622821541
AA,475,45,8.8,8.8,9.1,70,229,46.619999,0.3278753115086,0.399905205607532,7.6360079806145
ARI,20,17.5,0.45,0.6,0.8,39,23,18.110001,0.0979623511348614,0.257204009374687,0.622124055312351
PG,48,92.5,0.81,0.79,0.87,3697,1469,90.980003,0.120371467185802,0.113769957643845,0.9511656821625
WAT,48,140,39,39,41.3,100,33,179.520004,0.126413065068458,0.566279953273769,39.5200040364414
MSM,48,75,3.7,3.7,4.6,770,707,75.57,0.0990664734544807,0.395966417242034,1.38780486131299
OMC,202,72.5,4.58,4.8,5.5,758,750,74.07,0.155389567074463,0.215094845861153,4.2205757251938
BZH,20,16,2.54,2.65,3,5,165,18.74,0.486057678771102,0.707678081130651,2.81387651067223
SNE,475,23,17.4,14.1,15.9,34,95,37.34,0.1931597426566,0.473147908140814,14.371486211621
IVZ,48,35,0.99,0.9,1.05,52,1729,35.040001,0.172637671181097,0.203320533432938,0.894659951747169
THC,48,23,0.2,0.1,0.2,53,674,16.43,0.545748217563705,0.689755239721181,0.0701530100603456
CHL,167,42.5,9,8,9.3,5,5,50.57,0.119937806218648,0.323836908930698,8.09157390801199
EL,20,80,14.2,27.7,28.6,56,0,107.839996,0.126326238267037,0.922352827388759,27.839996
CR,20,75,3.61,5,5.6,8,28,79.989998,0.140373388237498,0.316688649893668,5.01401499390344
CRI,20,90,7.6,8.8,9.9,140,142,98.75,0.163283453052608,0.46946334792585,8.75901913358491
PB,48,70,0.65,0.55,1.35,102,0,65.730003,0.307414810909203,0.307483686950059,1.34942454704292
EAT,20,30,2,2,2.35,7,179,31.860001,0.28468079240455,0.414742020355532,2.06582165552025
WLL,20,6,0.13,0.12,0.14,1235,2782,5.46,0.657749254926175,0.645475308102763,0.145403212384811
AHC,139,5,0.25,0.05,0.25,4,65,4.6,0.377840884708195,0.356378827160524,0.273527599040859
BAX,6,64,0.45,0.42,0.54,1350,2,62.75,0.111298221354481,0.323519923297809,0.034475862328005
JCP,48,4.5,0.12,0.1,0.13,828,4169,3.81,0.403974171445049,0.633796372227161,0.0386622537773329
KNX,20,35,5.4,5,8.7,2,4,41.549999,0.232152072390283,1.32897365923205,6.55044873305979
SGU,167,12.5,0.1,0,0.15,53,339,11.35,0.147904226890952,0.168492212891963,0.106057639853138
HRB,20,31,0.01,0,0.05,1265,259,26.48,0.259352968108416,0.398338445342251,0.00257818735224311
ZTO,111,15,0.85,0.65,0.8,6,5269,14.04,0.296814049246112,0.382888980596759,0.543171140029309
SXCP,48,15,2.15,2.1,2.65,60,90,17.200001,0.19417075270366,0.540525618305349,2.21114975121016
OBE,76,2,0.03,0,0.05,100,2487,1.05,2.59506802575067,1.23454024941918,0.289207880865663
LPX,139,31,0.7,0.7,0.8,2405,403,27.08,0.320248239003405,0.313427123023286,0.838127129864495
R,475,125,0.6,0.15,0.5,19,19,84.550003,0.101545445897922,0.207702758721471,0.00113373698644197
HCP,20,30,0.04,0,0.05,153,889,27.83,0.148885748444647,0.222177259070917,0.00559805880853009
OME,20,15,1.58,1.65,2.1,5,85,16.65,0.258921047250803,0.732678243119548,1.66659923459327
WLK,48,75,8.95,8.9,9.2,30,30,83.089996,0.181888279485539,0.340427739154384,8.22502518192468
UAN,48,7.5,0.03,0,0.05,17,135,3.23,0.625850113484215,1.40438834017948,2.73558088502679e-05
JBGS,202,40,0.3,0.1,0.45,4,0,34.209999,0.168400873154094,0.205465836328345,0.235039352464522
KAI,20,80,15.11,16.1,21,5,57,98.550003,0.0909725600209528,1.0594104842993,18.550003
NGG,76,70,0.2,0.1,0.2,15,103,62.709999,0.147597919632622,0.174173164331642,0.0958992742783886
CHL,76,50,1.75,1.65,1.85,128,397,50.57,0.119937806218648,0.169187576329437,1.40622333549469
SNDR,20,20,4.4,5.1,6,20,28,25.299999,0.263977691857698,1.19504443864331,5.30002218324647
MHO,202,25,2.17,3.1,3.4,108,100,26.73,0.142424708067416,0.318457077848993,2.16843043438883
JCI,475,25,13.81,13.15,17.95,40,13,40.290001,0.158862552379719,0.566174063938225,15.2975419061877
HLF,20,80,0.05,0,0.04,750,38685,67.830002,0.0877357389114986,0.339033139684079,-1.63924329665832e-15
ROP,230,280,4.1,3.3,4.3,54,54,243.399994,0.151730689340387,0.200167375340427,1.89969565456134
CAPL,202,30,0.63,0.55,0.8,2,16,27.25,0.144431496718374,0.219425156728422,0.311204539005004
BGC,230,23,1.4,1,1.35,523,523,18.85,0.329556205658242,0.453004306385146,0.697995720037857
NWN,76,60,4.2,4.4,5.4,9,7,64.400002,0.111447087772202,0.233032005344528,4.5180505875673
COTV,139,45,0.6,0.2,5,10,48,35.98,0.233066111312804,0.896048320468354,0.149048299057074
GOOS,20,17.5,2.7,2.95,3.4,40,106,20.549999,0.316061793810595,0.771776015325238,3.05742726039288
CXP,20,22.5,0.1,0,0.15,53,576,21.77,0.105609452365886,0.201921850557345,0.0231527404230869
ETH,48,30,2.7,3,3.5,30,76,32.400002,0.16801794921293,0.462428457107814,2.49346554675779
LUV,167,35,19.5,21,21.4,41,92,55.98,0.149085100750883,0.467377948674766,20.9800014102664
PBFX,20,22.5,0.15,0,0.25,55,112,21,0.126717997603386,0.385018423660416,0.00218729279758487
FII,48,20,10,9.4,10.2,1,0,29.700001,0.170901130952085,0.939549155689499,9.70000100001972
FELP,167,5,0.55,0.3,0.7,15,15,4.23,0.332356658091901,0.84851554049029,0.136548920989665
ATHM,76,65,3.2,2.55,2.9,14,340,60.080002,0.289622530292469,0.438198691725544,1.40142783510498
SON,111,60,0.1,0,0.1,22,22,50.450001,0.130323645936272,0.184036352234114,0.0103612419841526
ORI,202,20,0.67,0.65,0.8,78,112,19.690001,0.28415524461827,0.160878684701671,1.52001123365835
XON,202,38,0.2,0,0.2,10,10,19.01,0.262509540982489,0.549200250125655,0.000253226239394035
TNK,139,2.5,0.04,0,0.05,115,669,1.62,0.379398175304447,0.624713223174906,0.0058474081948978
NTP,76,15,0.15,0.05,0.15,100,299,10.85,0.215494656293246,0.55206718628916,0.000163133518771216
KW,76,22.5,0.3,0.2,0.3,34,9,18.549999,0.16422773543052,0.410572296313527,0.0024164153363835
BLD,202,65,4.7,5.4,5.9,4,4,65.169998,0.288082430657808,0.301654847074803,5.63942496136262
EVR,76,85,1.7,1.4,1.8,180,126,80.25,0.278666282342377,0.246193767351042,2.23409774777301
UAL,20,59,3.09,2.88,3,29,435,60.880001,0.264278953328645,0.342230780672406,2.60515280066104
HOV,111,5,0.05,0,0.05,209,2240,1.93,0.42359079966203,1.12297815173237,3.67340731325827e-06
CLGX,202,45,3.95,3.8,4.6,1,1,46.220001,0.101635623289703,0.293154160897417,2.07059053950653
OMI,167,30,1.3,0.9,1.65,94,69,29.200001,0.22488439372762,0.253834324200788,1.42274029224457
NCS,20,17.5,0.05,0,0.05,5,22,15.6,0.834931772608893,0.351206325444437,0.553930664144447
ECA,111,11,1.45,1.45,1.55,49,1411,11.78,0.315555014245381,0.44704013475739,1.23996566187532
SRI,20,20,0.1,0,0.15,40,42,19.809999,0.236919306158086,0.125227160160889,0.351840687456308
TCP,230,55,1.85,0.6,4.4,10,10,52.32,0.183553223762488,0.332868224654272,1.95743555091135
MATX,76,40,0.1,0,0.2,11,11,28.18,0.478131565301518,0.496711319451191,0.167345581563905
BWA,111,60,0.39,0.3,0.4,10,10,51.23,0.136759846591232,0.237264139668986,0.0273872650247833
NAO,230,2.5,0.2,0,0.5,50,100,1.41,0.737627824643121,1.68908574570174,0.092940704884358
KRA,48,35,2.17,5.5,6.3,20,172,40.439999,0.386145002226981,0.509404671673257,5.85240395037231
FELP,76,2.5,2.6,1.2,2.05,15,79,4.23,0.332356658091901,1.61046455604394,1.73003264671839
JKS,76,20,7.1,4.9,5.7,3667,371,24.950001,0.495198018095846,0.609847385038014,5.38616035841938
RESI,76,17.5,0.07,0,0.15,200,382,11.11,0.278216856443979,0.695579057007034,7.51638238473229e-05
AF,20,22.5,0.2,0,0.45,10,65,21.5,0.23391547083129,0.41834445396552,0.137168705154905
XPO,230,90,1.35,1.45,1.95,1,1,67.779999,0.242799678855745,0.364963840655451,0.469456575906931
ASB,167,22.5,2.05,2.45,2.8,20,153,24.25,0.218167830140978,0.284443428532289,2.42287577245464
KW,76,30,0.05,0,0.1,20,45,18.549999,0.16422773543052,0.597535120192733,1.82878529483288e-11
KMB,475,90,35.1,26.8,30,30,10,117.68,0.142441596255717,0.236265466768075,28.024042231544
ARI,139,17.5,1.15,0.8,1.05,100,13,18.110001,0.0979623511348614,0.160529632562443,0.801488752956159
EQC,111,25,7.4,5.4,5.8,36,36,30.4,0.0855293054559068,0.341316587179522,5.4000047926506
TGH,139,15,3.6,3.2,3.7,25,1249,17.15,0.444363141943271,0.63105689354504,3.03150045432043
ARMK,20,35,5.4,5.2,5.8,10,14,40.610001,0.0963425022436978,0.484492540704036,5.61000100000263
KSS,34,40,5.76,5.4,6.2,2,0,45.650002,0.240191787720222,0.457709180320135,5.69443928662344
ALE,111,80,1.5,0.05,3.1,6,54,77.290001,0.109440498977122,0.249929734916834,0.838660907472779
FDP,76,65,0.1,0,0.15,20,0,45.459999,0.305522428043662,0.433475841486637,0.0123792160043359
BFAM,20,80,4.76,3.5,8.4,21,29,86.209999,0.142064681345325,0.599968900154624,6.22175705847938
EME,111,70,3.3,2.95,3.6,35,35,69.379997,0.108090858391112,0.25472375866355,1.36540246442137
PFS,20,25,0.6,0.5,0.85,2,14,26.67,0.209545269993287,1.02565771488307e-16,1.72544549869595
MFG,111,2.5,1.1,0.75,1.3,2,4,3.55,0.104952294996719,0.988500592102798,1.05000000001835
COO,20,230,9.9,9.5,10.6,100,145,237.110001,0.37135594629392,0.294857151579219,12.1431771225686
FRC,48,115,1.15,0.15,0.35,65,67,104.459999,0.232547166650954,0.201110831786154,0.585451474621268
BANC,20,18,1.5,2.55,2.95,2,293,20.75,0.36283446019763,0.580611820493998,2.78195522472104
CDR,202,5,0.6,0.75,1,200,5000,5.62,0.224985285501398,0.410067859195809,0.746858548184564
AEO,6,14.5,0.14,0.1,0.15,59,75,14.3,0.297590528033067,0.32135977005915,0.133538299248173
HUN,48,36,0.05,0.05,0.1,87,167,27.42,0.235182992952277,0.449107756128713,0.000510224327222433
TPC,20,20,7.8,8.1,8.6,2,2,28.4,0.1988685732963,1.04824446160517,8.4
COTV,139,50,0.4,0,1.15,2,60,35.98,0.233066111312804,0.532767573027113,0.0230926632664686
FTS,48,35,1.25,1.1,1.55,20,37,35.77,0.132720812384566,0.219486207521232,1.13262788087372
GCO,76,25,3.6,3.6,3.9,10,167,26.6,0.486156735608571,0.64835846044349,3.16676449665127
LW,20,50,0.2,0,0.3,12,256,46.889999,0.137045134442114,0.28893208350502,0.0131227641773897
MDC,20,33,0.45,0.65,0.8,85,490,33.209999,0.147272704375089,0.223191831381523,0.56795770626189
AVX,76,15,3.2,2.65,3.9,5,33,18.23,0.153844331941677,0.617107939789393,3.23095021252531
EXR,167,90,1.05,0.85,1.15,75,143,79.919998,0.223816499019372,0.196908244391343,1.58306769207857
PK,20,25,2.41,2.15,2.9,36,0,27.559999,0.188416331200696,0.495375468860462,2.56549031639099
ALSN,230,25,10.7,11.8,13.6,2,2,37.529999,0.228210120784666,0.519830289986456,12.553921375481
AF,20,22.5,0.2,0,0.45,10,65,21.5,0.23391547083129,0.41834445396552,0.137168705154905
GIMO,48,45,1.9,1.65,1.95,156,181,42.150002,0.23978238917047,0.50428083294537,0.494371254606415
LKSD,20,25,0.1,0,0.5,26,384,16.51,0.398547817210692,1.5918123599405,1.69108516388906e-06
TSQ,167,10,1.05,0.75,1.05,1,1,10,0.272081519317204,0.39023523950702,0.7331774558881
SA,475,5,7,4.9,9.5,300,499,12.2,0.407099673900482,1.5817345727471,7.23720145602332
AVD,48,20,2.3,3.2,3.5,488,268,22.9,0.318081991024045,0.537582933892393,3.04591758264792
BGC,230,22,1.65,1.3,1.65,250,250,18.85,0.329556205658242,0.461462415186171,0.908085136014548
ONDK,48,8,0.1,0,0.2,100,100,4.67,0.411115186668489,1.34671153686436,3.40009912624417e-05
CNDT,202,15,1.95,1.85,2.05,40,15,15.67,0.17353234021216,0.373459357660356,1.16894353201105
VR,139,30,17.9,18.8,19.7,20,0,49.209999,0.566218156337413,0.572097197360166,19.6797074813039
BMA,111,110,12,10.6,13.2,10,157,117.349998,0.326341340848662,0.36277749267875,12.3445361763806
VSM,20,35,3.9,3.7,4.1,201,8,38.82,0.143673671764736,0.423973414626267,3.82035574019356
ECL,202,130,6.7,4.8,5.9,39,74,128.610001,0.103580836891795,0.171362568764295,3.3175699426962
OLP,48,22.5,1.65,1.55,2.6,2,2,24.360001,0.0938095786143829,0.439919332214716,1.86263292891307
STL,20,22.5,0.55,0.25,0.85,6,15,24.65,0.243178240795718,-1.31928378537477e-17,2.18091268448184
CLS,76,17.5,0.25,0.15,0.25,250,20,12.38,0.22573630276334,0.642424037716527,0.000152926022594642
ETP,111,60,0.1,0,1.25,5000,5000,18.290001,0.185883746705729,1.64550695328376,0
EQT,48,65,2.85,2.8,3.1,925,954,65.239998,0.17944393446985,0.316323122752382,1.81295876979971
NOK,475,10,0.14,0,0.14,140,25725,5.98,0.215979857748716,0.348464344863,0.0127026338510683
ARA,76,20,1.8,0,0.9,27,36,14.97,0.356932210316274,0.860431556403356,0.0423437629636169
KR,20,20.5,0.61,0.55,0.65,1420,418,20.059999,0.340524812737727,0.450092871240146,0.448457390941094
RIC,20,7.5,2.15,1.6,2.1,500,526,9.35,0.340594772522398,1.13074881709271,1.85056996689399
PBI,20,14,0.25,0.2,0.3,309,479,14.01,0.158433865467637,0.225563658515268,0.21223689332852
TPH,20,12.5,1.4,1.25,1.45,25,353,13.81,0.206769372388149,0.465702158804197,1.31460061071177
VMW,48,110,2.95,2.85,3.1,1039,2439,109.190002,0.129050728341873,0.220178255814491,1.66640723015556
AMG,167,195,8.82,9.1,9.9,3,13,189.830002,0.141063992892334,0.237401867030675,5.02488109378648
LAZ,48,45,1.7,1.45,1.7,11,960,45.220001,0.198691097587718,0.243342654751966,1.40937539002944
FCFS,76,45,8.5,16.2,19.4,7,7,63.150002,0.145299324458355,0.699743735981726,18.150002102946
MRC,167,17.5,1.38,1.5,1.75,10,63,17.49,0.172912920356123,0.372725264775991,0.810872437119876
ANET,20,195,2.7,2.35,3.2,67,236,189.610001,0.307894292174667,0.30514001792834,3.24579433375399
RUBI,76,7.5,0.1,0,0.1,100,350,3.89,0.545602326866655,1.05192738379272,0.0017375564967429
CVNA,48,12.5,2.97,2.45,3.4,50,297,14.68,0.582709483418962,1.09556078506503,2.54734531924945
LEJU,48,2.5,0.05,0,0.1,50,209,1.69,0.633895867241348,1.25795848170373,0.00852809143264981
XON,48,16,3.36,3.2,3.7,200,200,19.01,0.262509540982489,0.71883756957871,3.03304756959828
ZNH,76,45,1.73,0.05,0.25,6,9,34.369999,0.335570329798439,0.411613639758426,0.0948337739835237
PEG,76,40,6.22,6.3,6.6,42,0,46.25,0.145808962079846,0.279918650511619,6.26470868212348
SA,475,5,7,4.9,9.5,300,499,12.2,0.407099673900482,1.5817345727471,7.23720145602332
AT,202,2.5,0.2,0.15,0.25,90,90,2.45,0.366250087824919,0.374619079463659,0.243927391261536
PBR,202,10,1.1,1.1,1.14,335,1549,10.04,0.322341119351549,0.377828746949168,0.9764086251693
SCCO,20,37,2.9,2.85,3.1,1,2,39.759998,0.227018885202833,0.354790576520509,2.84265001701869
AME,20,70,0.05,0,0.05,100,100,66.040001,0.108841448156464,0.151070882012337,0.00661299963709383
CIO,20,10,2.41,3.3,4.1,10,7,13.77,0.106718586957495,1.3964530460689,3.77
GLOG,139,15,2.15,2.8,3.1,70,127,17.450001,0.278222333508818,0.397897445870239,2.7380909844445
MULE,48,20,1.6,1.35,1.6,35,67,20.139999,0.249215983539069,0.52739133137917,0.795520134529495
MCO,111,80,44.5,59.05,60.05,10,10,139.210007,0.077246797453955,0.627846283427559,59.210007
KEY,34,19.5,0.19,0.24,0.3,1930,1930,18.82,0.22694460553708,0.247595204672381,0.257320442815399
BG,475,85,3.95,3.6,4.4,1500,0,69.459999,0.247643742472281,0.297467012327676,3.00805152925743
CRR,48,9,0.85,0.7,0.85,20,91,8.63,0.542818669224869,0.806240555113755,0.52173434363567
CAH,6,66.5,0.8,0.75,1,5,15,66.919998,0.173977219816594,0.226224968966457,0.827114662950002
TSE,139,70,4.25,3.2,3.8,10,16,67.099998,0.160400979430102,0.303863832065632,1.49914277865434
SRE,20,135,0.05,0,0.1,3,13,114.129997,0.123820173364617,0.365807954383258,1.99917823679788e-09
RIG,20,10.5,0.54,0.54,0.57,6010,6617,10.76,0.490907705765193,0.430831352326867,0.628028087281154
NEWR,48,45,4.79,5.6,6.2,3,5,49.799999,0.233099987022712,0.475212373870431,5.02482684834113
SRT,139,15,0.3,0,0.85,100,106,11.75,0.332336418497036,0.640248367833243,0.155139382612055
SWK,20,110,32.66,39.9,42.8,3,0,150.970001,0.123687707175678,1.1155973239004,40.970001
TDS,48,22.5,5.73,5.2,5.8,20,19,27.889999,0.244301550558807,0.575217103457858,5.39560830535473
SWX,20,85,0.75,0.05,3.9,2,0,77.620003,0.132513561401025,0.921389135531785,0.0012378565291474
ARC,230,7.5,0.1,0,0.2,50,50,4.09,0.320207251997422,0.689672809375518,0.00397368585568562
HP,76,55,2.05,1.5,1.7,60,653,52.110001,0.31986612489827,0.299849630947653,1.88089892056499
AI,48,12.5,0.55,0.45,0.6,164,157,12.73,0.100980823323017,0.261024295252957,0.321661965741116
NEM,111,37,2.5,2.44,2.52,24,722,37.509998,0.223130162316274,0.275499961008057,2.09393558817616
EBS,76,35,4.7,5.8,6.5,15,75,40.450001,0.20751332326618,0.44211067742937,5.5477770414682
FC,20,22.5,0.15,0.05,0.2,17,67,20.299999,0.251233247092302,0.453367488735514,0.0203404297567914
XL,48,42,0.63,0.65,0.87,450,862,39.450001,0.448735331314219,0.318639785175341,1.55867814336548
FDX,48,240,0.94,0.96,0.98,181,222,225.580002,0.140352134224052,0.159664287241509,0.64084442954503
AMRC,20,10,0.2,0,0.25,10,20,7.8,0.209895952068561,1.19135222461527,1.69472552657979e-08
APH,20,85,0.97,0.75,1,445,293,84.639999,0.136599487468434,0.147869806513102,0.911464494554785
MSB,48,22.5,1.6,1.45,1.7,45,360,23,0.683423417290146,0.436829802838865,2.50237065821117
HLF,27,73,0.5,0.21,0.47,10,10,67.830002,0.0877357389114986,0.278491555944063,0.000485005192199878
CCM,76,5,0.1,0,0,5,0,3.51,0.337916032728852,0.0244071294444653,0.00239670289679431
PEO,20,20,0.15,0,0.15,10,10,19.65,0.0886665654702646,0.157878198209232,0.0451963519261365
ONDK,139,3,1.85,1.65,1.9,25,75,4.67,0.411115186668489,0.875540010165314,1.68548058369313
HLX,167,10,0.4,0.25,0.4,60,65,7.39,0.431892282738688,0.567004902302605,0.194199925668627
CIM,76,16,3.7,2.9,3.1,34,10,18.92,0.109904370952642,0.333039034337919,2.92009427005877
BKS,111,5,2.6,2.5,2.7,40,179,7.6,0.527989363474355,0.601725593930184,2.66003513696992
DOOR,111,65,5.2,6.9,8,20,21,69.199997,0.238246638791804,0.383815369801805,6.00548683437678
BBG,76,3,1.5,1.35,1.5,1100,902,4.29,0.679318080378239,1.02254124037666,1.35798099357149
RRTS,20,10,0.1,0.05,0.25,117,137,9.53,0.291070130811104,0.489633672077043,0.0939540479250991
POST,20,85,4.1,3.7,4.1,435,763,88.269997,0.141819533825612,0.255475787861267,3.45324800092826
WST,76,110,1.85,0.2,0.5,10,10,96.260002,0.211585083153408,0.22734412991585,0.378691321793013
AGX,20,75,0.15,0,5,2,15,67.25,0.222043077023266,1.25628971625397,0.02397102806539
LADR,139,15,0.15,0.1,0.25,20,290,13.78,0.20027845490494,0.196856391595765,0.259513456113841
MVC,76,7.5,2.6,2.15,2.9,15,47,10.01,0.0984565485881577,0.806458867446732,2.51000000000375
BKU,48,40,0.06,0.05,0.2,10,226,35.57,0.325932900362147,0.267138035619243,0.375959335888084
CCE,111,55,2.85,2.7,3.3,70,1732,41.619999,0.175677072491673,0.795858289990215,0.00271025748173263
GXP,76,30,1.84,1.55,2.05,11,1091,30.299999,0.100732632925941,0.345848373783812,0.715726426614797
WRI,111,30,2.9,2.2,3.1,9,59,31.74,0.210107252178309,0.312215160579952,2.4614795986187
STL,20,25,0.45,0.1,0.45,15,15,24.65,0.243178240795718,0.262767510196695,0.405878025366636
GCP,139,35,0.28,0.15,0.45,1,56,30.700001,0.220781638329158,0.230621735151336,0.399135447418538
NFX,20,28,2.07,1.85,2.1,300,1410,29.67,0.316760392240353,0.394919101661333,1.93537014370769
WCN,48,70,1.75,1.5,1.7,10,30,69.959999,0.121855417388631,0.169909838950341,1.213689376087
KEY,34,18,0.95,1.04,1.16,30,30,18.82,0.22694460553708,0.299895852590431,1.02026875490648
CUB,20,55,0.3,0.15,0.3,5,121,51,0.394873848791082,0.311350374262178,0.570790814741079
QTWO,139,55,0.4,0.25,0.6,100,100,41.650002,0.200108178537534,0.372035514470427,0.0248819028075719
AG,27,7.5,0.23,0.1,0.2,506,629,6.84,0.428925037741471,0.587215450702917,0.10218916091794
EQGP,111,35,0.8,0.65,1.1,1,0,28.959999,0.120610496188326,0.467511124134368,0.00136878332275986
NEWR,20,50,1.35,1.3,1.6,10,249,49.799999,0.233099987022712,0.364520921330973,0.989021486154364
TSN,111,70,3.76,3.6,3.9,2028,695,70.449997,0.295561687388439,0.237757061884953,4.78977929264042
GTY,20,30,0.05,0,0.05,30,30,28.610001,0.14647992330925,0.157023974176611,0.0381822817775919
TM,20,100,21.55,18.85,20.4,110,26,119.169998,0.107196397447971,0.687953227688828,19.1699980000005
BOH,202,90,1,1.55,1.95,20,20,83.360001,0.197092159926133,0.175694831845934,2.42078313004398
TKR,167,55,0.68,0.45,0.65,3,3,48.549999,0.189803956215201,0.197436584033432,0.582531364222813
MTL,111,7.5,0.2,0.15,0.25,100,99,5.17,0.32688136012131,0.743808873419051,0.00799337491514726
V,6,107,0.09,0.05,0.2,2411,2768,105.239998,0.137815649590488,0.144726450791753,0.175340559294447
SNV,139,50,0.31,0.25,0.55,60,60,46.060001,0.217370833690683,0.161377589200089,1.0636963514136
GES,167,20,0.9,0.8,0.95,5,22,17.030001,0.270084574051692,0.424868630269856,0.35034837823638
AMP,20,140,9.1,8.9,9.5,238,295,148.509995,0.201283498813547,0.284619327794435,8.85188247250048
DSW,258,25,1.5,1.45,1.75,251,270,21.48,0.200217406805564,0.414350021933662,0.389823932306591
AMN,20,50,0.3,0.3,0.6,301,800,45.700001,0.338940768672875,0.466067447238688,0.243383445283399
ALR,48,55,0.05,0,0.05,50,101,50.990002,0.172253784984687,0.12645194012506,0.181035573256112
HK,111,2,0.05,0,0.1,36,2120,6.8,0.614089502866288,-1.7764887441659e-16,4.80004552325378
GPN,20,100,0.75,0.7,0.9,130,2069,95.029999,0.144406558594207,0.294889557117957,0.0947993470842183
FGP,48,7.5,0.01,0,0.05,159,486,5.14,0.505524088021598,0.709570483454329,0.00816468423728114
WD,139,40,14.14,12.8,13.7,5,5,52.330002,0.266935822948164,0.484797571577038,12.492307931262
SJW,167,60,2.1,1.95,3.3,43,47,56.599998,0.153179332907532,0.306376422329954,1.08031657497795
PWR,230,38,2.95,2.8,3,11,7,37.369999,0.102881805540188,0.277537707550539,0.938089631186957
WTS,20,70,1,0.55,1.05,132,5,69.199997,0.201181763898974,0.217598832839644,0.946227214465733
GGP,76,30,0.12,0,0.33,140,0,20.77,0.252650693412609,0.625370724434294,0.000553351179387266
MAC,20,60,0.21,0.05,0.3,42,5917,54.970001,0.256622505894621,0.335382657405163,0.111260726727324
NLY,475,8,4.22,2,6.6,62,75,12.19,0.10739274122654,0.969195487030889,4.19009017284614
SJR,20,22.5,0.7,0.3,1.05,62,120,23.01,0.0818816652109423,0.36163839516613,0.536043163005992
IHG,111,55,0.85,0.85,1.5,20,33,52.889999,0.140889223874247,0.203152147801454,0.824033594982989
EV,230,55,0.55,0.45,0.65,300,300,49.369999,0.172315462034358,0.153214918706202,0.871607908445592
RT,20,5,0.05,0.05,0.1,3689,3932,2.14,0.362813066268917,2.83860953857734,0
FTK,111,8,1.55,0,0.1,50,80,4.65,0.586533821141027,0.730979006061153,0.03773740678872
TSS,48,70,0.92,0.75,0.9,250,786,65.5,0.242934200115871,0.259428791276083,0.776320213442926
USFD,20,35,0.25,0,1.05,10,12,26.700001,0.178257159868696,1.35408645145738,8.11404330453019e-12
PEI,20,10,0.5,0.6,0.75,22,404,10.49,0.316785251559132,0.485817884762388,0.608919392767374
MRIN,20,2.5,0.05,0,0.2,7,7,1.75,1.09475357708206,2.50865690268908,0.0198950467658592
BSM,20,17.5,0.1,0.15,0.4,41,655,17.34,0.166571100166704,0.292494132609305,0.198437798995799
CBI,6,17.5,0.21,0.15,0.2,1531,597,16.799999,0.381442419564663,0.535143732964221,0.0947616017711574
DLPH,111,82.5,16.4,16.7,17,6,49,98.400002,0.205968838892332,0.300664142605263,16.1660229802071
CLDT,139,22.5,0.3,0.15,0.35,7,190,21.32,0.10411385073276,0.149580559360725,0.157942402048851
TRC,20,30,0.1,0,0.95,4,0,21.1,0.148601382718452,1.65313458157087,0
MTG,76,4,6.75,6.4,10.85,32,61,12.53,0.243065023881294,4.99178537323805,8.53
ANDV,27,109,0.65,0.35,0.53,5,10,103.150002,0.190618171915409,0.208868540715195,0.404743149645848
KORS,48,32.5,16,15.2,15.8,20,30,47.849998,0.242079093141801,0.786251482386073,15.3500017642938
INN,167,20,0.1,0,0.15,50,0,15.99,0.194479059619916,0.259342866910675,0.0428435206760732
OOMA,20,10,0.75,0.5,0.9,2,435,10.55,0.372946854057732,0.609579622889057,0.697927797694588
SNV,20,39,4.6,6.9,7.4,10,10,46.060001,0.217370833690683,0.597929352916651,7.06030815709963
G,167,25,5.3,4.1,4.4,10,10,28.75,0.0855633324327943,0.274822795663744,3.75403435260135
NDRO,111,5,0.2,0,0.3,234,445,4.35,0.598458381955459,0.554014098675981,0.340899788127966
MGP,76,25,5.81,5,5.8,6,6,30.209999,0.134102977597882,0.464376830848796,5.21045867911274
FOR,48,15,2.4,0,0,162,270,17.200001,0.0854675987340227,-0.00825383851485503,2.20000151819254
FTK,111,5,0.49,0.45,0.55,51,172,4.65,0.586533821141027,0.674281968666587,0.46029934241819
HVT,20,20,5.06,5.6,6.7,12,12,26.15,0.287845568987763,1.17771120378132,6.15001203277142
CBU,139,60,0.65,0.5,0.8,30,0,55.25,0.196849268795713,0.175401164331947,1.03437654782365
SALT,20,5,2.14,1.95,2.2,2010,2010,7.05,0.543286647726044,1.41127573854908,2.05079434631599
CNC,48,95,5.34,5.1,5.8,49,1281,96.769997,0.393832586093106,0.350872934622762,6.38899891874925
DG,13,82,0.84,0.65,1.25,21,3,81.050003,0.159468314504228,0.274145438802091,0.57624214108932
AIZ,76,85,8.1,10.9,12,1,1,95.519997,0.278791436573149,0.311377163480852,11.6339596735367
GSH,20,25,4.33,3.4,5,14,0,29.166,0.298176273310316,0.934191101678899,4.17499337645502
DDS,258,65,4.9,4.3,5.5,20,32,56.07,0.368380802554371,0.461261420618466,3.80869008306978
SYF,13,30,1.27,1.1,1.35,63,37,31.049999,0.265730050180086,0.306360067301521,1.27388883047693
ENIA,20,10,1.3,0.1,0.7,3,0,10.22,0.181565720128785,0.618502810263756,0.303393959270396
NEFF,111,17.5,4.41,6.8,8.3,34,34,25,0.0349463334557202,0.711122083279725,7.5
MSCI,76,135,1.3,0.1,1,10,10,116.900002,0.197255500749547,0.276411561625147,0.263024864469204
FNF,20,48,0.46,0.35,0.55,153,27,47.459999,0.219770887203827,0.177440974884251,0.733056595392462
KRC,48,70,1.2,1.75,2.75,2,2,71.120003,0.17968721392946,0.210046527077681,2.44805691283494
HRI,111,50,2.95,3.9,4.3,105,2249,49.130001,0.228744658640096,0.434105945628082,2.0817189891935
BNS,20,65,0.45,0.25,0.45,54,105,64.25,0.109862955432161,0.127163323110164,0.35439286885391
KKR,34,20.5,0.43,0.35,0.55,150,96,20.33,0.198055695174808,0.254060517818131,0.411897280149713
CCC,20,15,6.4,5.8,7,954,952,21.4,2.20368657112957,1.59130473291684,7.72072805480544
WLKP,139,25,0.45,0.4,0.75,82,143,22.700001,0.341977173290844,0.281832224509141,1.05929373936264
BC,48,60,0.93,0.8,1,11,145,55.970001,0.221458236428127,0.300501950339614,0.497217035722311
LTM,167,12.5,1.65,1.3,1.75,3,8,13.25,0.264090137948098,0.387414467685693,1.33948902638978
CMI,111,90,65.6,75.8,80.5,17,4,168.029999,0.0914582087943224,0.855982777461311,78.029999
BXE,167,5,0.05,0,0.1,50,50,2.84,0.466667443907013,0.701394611597448,0.0171661861722608
AP,76,17.5,1.4,0.85,1.7,90,183,17.4,0.28976421761368,0.552214629774874,0.870666205574151
CSU,167,15,0.75,0.55,0.75,10,71,12.55,0.266091533871233,0.460887343235346,0.208846437082215
CTLT,48,40,2.2,2.15,2.55,103,206,39.919998,0.293106963761381,0.448471547149226,1.65398464030251
RSG,111,70,0.3,0.25,0.4,2,117,66.059998,0.0944898473294652,0.112709708823636,0.237483788825685
ROP,230,250,13.4,12.4,13.7,61,61,243.399994,0.151730689340387,0.215234835958221,8.83766981422249
DE,111,82.5,41.07,42.95,45.85,302,1,125.589996,0.124964818188025,0.702930484939369,43.089996000581
SKM,20,25,0.5,0.3,0.45,61,336,24.59,0.283665609595187,0.273869203897066,0.471953953433863
CVE,111,10,1.03,0.8,0.95,491,2221,10.02,0.390486701039909,0.427817950104261,0.868313921450534
NR,20,10,0.2,0.1,0.3,189,551,10,0.330650516347707,0.321324044414252,0.308703235533359
NXRT,139,30,0.25,0,0.25,49,30,23.73,0.171219700817156,0.303138860155649,0.0130370869372187
MAN,48,115,5.95,5.6,6,29,4,117.82,0.150228096651031,0.264257008367242,4.18572479313062
MC,20,39,4.2,3.9,4.4,1003,879,43.049999,0.153960528249996,0.427636669378183,4.05136438978519
DRQ,76,35,4.1,8.5,10.9,18,9,44.150002,0.236716794160198,0.709058568880275,9.17386566567811
UBA,48,20,0.75,0.15,1.25,5,19,21.700001,0.210133457573975,1.28915390876e-16,1.81536972267029
AAV,48,8,0.18,0.1,0.2,10,23,6.3,0.266541723317623,0.749127283246755,0.00150004258389053
MOD,20,15,4.22,3.7,4.6,2,1,19.25,0.254418173778813,1.06419498712085,4.2500030696593
EMR,111,62.5,2.36,2.25,2.4,27,3232,62.84,0.114677330586068,0.161494966335485,1.75665798460871
XCO,48,1,0.49,0.35,0.5,100,100,1.34,0.773795260610504,1.81626844885752,0.36476213190719
WK,20,10,9.7,10.6,11.1,88,84,20.85,0.203777735556405,2.19790369017319,10.85
TDOC,48,40,0.75,0.7,1.25,49,78,33.150002,0.577474627955732,0.705540285870168,0.767548715145557
PKD,111,2.5,0.03,0,0.05,20,25,1.1,0.494785545502233,1.17110176867945,0.000166148193343318
BNED,48,7.5,0.2,0,0.15,500,24,6.51,0.552755512101162,0.490299480744984,0.197458991883225
APH,20,85,0.97,0.75,1,445,293,84.639999,0.136599487468434,0.147869806513102,0.911464494554785
STAY,111,22.5,0.3,0.25,0.4,359,383,20,0.166701490420904,0.274363167136546,0.092319597268645
RNG,48,40,2.55,3.1,3.7,10,15,41.75,0.258197401017594,0.463359611841657,2.55802160745896
NTP,76,5,2.8,5.7,6.1,30,90,10.85,0.215494656293246,1.40251537777249,5.85
BCC,48,37.5,1,0.9,1.15,14,52,34.900002,0.272326425185207,0.422786260741041,0.486691475285669
DOV,167,90,5.8,5.4,6,5,117,91.389999,0.104116112154166,0.215766675062418,3.30267347200578
LNC,20,50,22.65,23.3,24,8,6,73.480003,0.222337554737749,1.13182531696057,23.480003
EVTC,48,12.5,2.5,2.9,3.7,25,25,15.85,0.460549425874076,0.711801799848558,3.43196139411891
HUM,48,300,0.35,0.4,0.9,141,141,243.630005,0.157520069816702,0.366240498733537,0.000504375344946323
BBL,76,25,14.1,10,10.7,150,2,35.450001,0.202562830569869,0.53617913996571,10.4500521725093
SHLX,202,27,1.86,2.1,2.3,1,1,27.84,0.194889564647662,0.227590476391763,2.03976336272552
AFL,139,85,2.08,1.74,1.93,42,271,81.389999,0.141083540308293,0.167940947332303,1.43508363858514
WAGE,48,55,5,5.2,7.3,2,2,60.700001,0.232916609518758,0.453375337453691,5.99239633492612
STI,475,45,14.88,15.3,15.7,601,2459,59.77,0.216849866127836,0.227497468527363,15.5668683649485
EE,76,55,2.5,0,5,2,2,55.25,0.126867905141969,0.486694786117126,1.40184875863409
POT,34,20.5,0.16,0.05,0.26,157,157,19.24,0.187381597131609,0.298501066606611,0.0765139909002825
AMRC,202,10,0.2,0.2,0.5,10,10,7.8,0.209895952068561,0.504545016156963,0.0326497114748465
VRX,20,14,0.79,0.76,0.79,2104,17873,14.33,0.333915015788437,0.462045110299393,0.626052544395879
COF,13,82,1.61,2.87,3.1,24,136,84.660004,0.16417689803476,0.220199607204317,2.86292987222008
RSO,230,12.5,0.25,0.15,0.35,20,20,10.78,0.128611484890439,0.266533655456284,0.0388507530914114
KB,76,55,1.1,0.3,0.9,1,1,49.029999,0.448167140856572,0.315457281535456,1.89970864150368
NOA,230,2.5,1.95,1.65,2.15,2,2,4.35,0.262704461242619,0.920605746341062,1.85083701849597
BOX,111,12,7.3,7.3,7.6,20,227,19.32,0.333186222449785,0.68428383948227,7.32418673156898
KT,111,20,0.05,0,0.35,75,16,13.87,0.244349205803428,0.589571929691612,0.00225131256576149
AVT,139,43,0.65,0.7,0.8,1,41,39.299999,0.147081334298728,0.214059117720683,0.315842428854931
WSO,139,165,4.3,4.9,5.7,4,9,161.070007,0.184715998578195,0.18701379323887,5.60994177255586
GNL,20,25,0.05,0,0.2,50,1144,21.889999,0.107124496096468,0.521241176522266,6.04434648108291e-09
MLM,111,210,9.32,9.7,10.4,44,235,206.229996,0.245680980075023,0.266540005430357,9.45519229654829
UNP,13,109,7.7,6.8,7.45,266,270,115.970001,0.154253990109702,0.308216948254665,6.98952322630629
KWR,111,140,12,10.6,15,10,10,147.949997,0.166228198789396,0.333689088185529,10.1649356106978
TEX,111,43,4.4,4.2,4.5,79,2318,45.02,0.249137216454142,0.35123086624,3.55338940550198
HLF,111,75,2.4,2.05,2.6,48,2176,67.830002,0.0877357389114986,0.347788124661763,0.0237852645528309
BSMX,48,10,0.5,0,0.55,2,2,10.09,0.213331198788935,0.346852467557709,0.357016648502216
XYL,111,40,13.8,20.2,24.3,20,0,62.630001,0.100842729592042,0.786500045735567,22.630001
AU,20,18,0.13,0.05,0.15,120,120,9.29,0.460587711571462,1.8457953659703,9.09751718403121e-11
SYT,76,90,2.7,2.4,3.4,25,347,92.059998,0.0365111296542855,0.133967680746127,2.12090397838881
COP,27,52,0.5,0.33,0.54,1641,1635,50.049999,0.135565753190872,0.23248226504002,0.146073007771502
LEG,20,50,0.15,0.05,0.1,12,89,47.73,0.310921548949188,0.162624606952363,0.562942612978059
CI,111,120,61.47,65.2,68.5,215,131,186.940002,0.161549108839053,0.560464075788948,66.9400028053278
USG,139,40,0.55,0.5,0.65,17,0,32.650002,0.447550272023757,0.33650429245533,1.33580734903665
DPLO,48,25,0.6,0.4,0.6,51,6,20.709999,0.359333801166361,0.631484608787691,0.0983006855816877
BAP,139,220,5.3,4.8,6,15,15,205.020004,0.230586665956605,0.230345858465386,6.01110619265032
AGX,20,70,0.5,0,1.5,11,92,67.25,0.222043077023266,0.413911412808017,0.450869464693678
RYN,139,22.5,5.9,6.3,7,100,22,28.889999,0.0973763061020023,0.42617129224789,6.39000430445385
BSX,475,18,10.9,11.35,12.15,174,183,29.17,0.121659327704683,0.43527735512731,11.1702018244346
RESI,76,17.5,0.07,0,0.15,200,382,11.11,0.278216856443979,0.695579057007034,7.51638238473229e-05
CBL,76,10,0.15,0.1,0.2,50,10425,8.39,0.313367599853025,0.446187532554935,0.0692904232625777
NAV,111,37,5.7,8.5,8.8,159,5363,44.07,0.339694572700315,0.494902587216505,7.7823045737895
BCO,167,95,2.41,2.05,2.9,145,147,84.25,0.216329988005879,0.290288418150192,1.51468611026147
GLOB,48,50,0.3,0.2,0.35,21,0,40.07,0.231619319734628,0.470997110398162,0.00490271969507056
SPR,111,77.5,4.07,4,4.3,23,79,77.720001,0.111877809475096,0.245531229519054,2.02195023872089
USAC,167,15,1.4,1.65,2.05,20,74,16.719999,0.227578815898212,0.223137296793656,2.06468670736436
HBM,111,7.5,0.7,0.8,0.95,27,2707,7.45,0.538122118097475,0.595424145111454,0.856933030636852
PHH,48,12,2.15,2,2.2,6,4,13.93,0.283258708027926,0.499904876549729,1.97335428037781
O,20,55,2.42,2.3,2.55,50,280,57.189999,0.141040276292105,0.216565190728112,2.29761648220357
MT,475,5,2.8,2.77,3.25,700,980,25.76,0.252126269738011,-3.25619568265953e-17,20.7600000031844
CTB,48,44,0.06,0,0.1,284,148,37.400002,0.224074668808942,0.282718667988968,0.0279679159196891
CVRR,48,8,2.08,1.9,2.05,100,0,9.85,0.42677831465212,0.631227938624552,1.90678281841642
M,111,35,0.06,0.05,0.12,10,7273,21.82,0.347973703958242,0.489738921208786,0.0118870316992618
WTR,20,35,0.13,0,0.15,19,57,33.189999,0.130635662201914,0.226452602011843,0.0174302359980467
AP,76,22.5,0.05,0,0.7,25,25,17.4,0.28976421761368,0.681279118597769,0.0257304784074496
GHM,167,22.5,0.9,0.65,1.3,43,57,20.83,0.216671413059485,0.347593409319572,0.601467068021134
NGVT,202,62.5,7.5,5.2,6.7,2,2,62.470001,0.250389627438113,0.363202995003835,4.62166960583645
EOG,475,90,16.12,15.6,16.55,10,1142,96.739998,0.172656105321075,0.305265453797962,11.1799291792921
TWI,111,15,0.1,0.05,0.15,5,81,10.15,0.424928827813154,0.529288933052146,0.0570208779398941
ARA,20,12.5,1.7,1.85,2.95,1,1,14.97,0.356932210316274,1.07906157150566,2.47628211428707
WES,230,55,1.45,1.2,1.65,10,10,51.279999,0.169261218527214,0.188543533069225,1.36364899500387
ABB,48,25,0.45,0.45,0.65,279,282,24.75,0.0679345785893684,0.213614554240516,0.139536075649801
USNA,20,60,1,0.05,1.95,1,255,57.700001,0.170453974737667,0.53881773078661,0.203278827685216
DPZ,48,240,0.45,0.35,0.5,2,2,198.550003,0.157415182605049,0.314740226195001,0.00146011750896938
CBM,20,75,0.05,0,0.1,70,70,55,0.196288480534087,0.680787449009282,3.04783975835221e-12
MOS,167,21,1.99,2.12,2.24,900,1040,21.59,0.259934829124064,0.336724354863561,1.80521413624739
DNB,230,135,1.65,1.15,2.75,10,10,116.410004,0.166071870862801,0.232122643755968,1.08002505475639
OZM,76,3,0.35,0.3,0.4,100,3293,3.22,0.374299072243908,0.489020457000847,0.339512226377179
SVU,475,5.5,0.3,0.2,0.4,24,73,21.75,0.418101486248764,-1.00854983533646e-16,16.2529267009528
MLI,76,30,3.7,4.1,6.5,5,68,34.950001,0.272774686238721,0.591439335711928,5.16360769104617
SIG,20,90,0.1,0,0.15,21,104,66.550003,0.260285559839265,0.690491814115714,3.19571548263553e-07
THR,139,17.5,1,0.9,2.05,3,3,17.99,0.137499760258716,0.411868411080953,0.877011057930863
ADC,111,50,1,1.2,1.5,5,442,49.080002,0.105023770685545,0.176710053916651,0.742801431331014
BPL,139,60,0.95,0.7,1.05,19,322,57,0.187013171366737,0.155438741296995,1.453123289129
P,475,3,4.85,4.65,5.05,956,1852,7.7,0.258612300171406,0.824710542061848,4.70026474429221
NOAH,20,40,0.25,0,0.2,40,40,32.110001,0.291091637883504,0.665781720383626,0.000412473988037555
GWB,76,45,2.25,0,1,21,21,41.279999,0.306330693411341,0.30839564964606,0.986624630242368
GLOB,20,45,0.6,0.1,0.3,2,2,40.07,0.231619319734628,0.447344613433749,0.0133160174334417
DNOW,48,25,0.1,0,0.1,10,38,13.81,0.233107727242514,0.933754302857954,2.33650876424464e-13
SAH,48,22.5,0.25,0.2,0.4,34,37,20.4,0.250023888560666,0.374377065268011,0.138380557100625
ERA,76,17.5,0.07,0,0.55,10,10,11.19,0.501648399507045,1.00415704754589,0.0306195383245116
QHC,48,2.5,1.05,2.4,2.85,20,20,5.18,0.546627128965389,1.87109386868845,2.68002037273124
SNAP,20,27,0.02,0,0.02,1000,3105,14.54,0.382869131010413,1.15432207099189,6.05497874062163e-13
VSLR,111,2,1.55,1.3,1.6,8,20,3.4,0.745265122859722,1.19949103143334,1.44900375806657
OAK,48,50,0.3,0,0.2,90,92,47.049999,0.10122176591131,0.156572592410495,0.0361522084867847
BW,139,12.5,1,0,0.1,496,743,3.33,1.19975613035637,1.29759949363906,0.0669439613678056
SERV,48,55,0.23,0.15,0.3,4,16,46.73,0.143374152488119,0.349139215011261,0.000621850328732382
GCP,48,30,0.8,0.6,1,1,354,30.700001,0.220781638329158,0.133145319916649,1.35906473084956
CRK,167,11,0.35,0.25,0.5,30,30,6.08,0.269017573431446,0.957021399954603,0.000220769342232437
KOF,48,70,5.5,5.4,9.1,3,3,77.129997,0.158917716465979,0.442388406114648,7.21065899306092
CB,230,120,23.35,23.8,24.6,10,10,142.550003,0.261938494923975,0.223930225322456,25.6498454884184
WNS,111,40,0.85,0.55,0.95,10,10,36.5,0.167817432939774,0.272150629871129,0.300384206421704
TDW,20,0.5,0.55,0.3,0.65,6,91,29.08,0.642172654647877,-8.43729550004947e-17,28.58
ACRE,48,15,0.15,0,0.15,15,15,13.31,0.123003724253845,0.337167688268506,0.000713358330129713
TDG,111,300,0.14,0,0,30,46,255.649994,0.210572465764048,0.0104498673696166,1.23706903627379
DFIN,111,22.5,0.8,0.2,0.85,8,138,21.559999,0.283112987953456,0.261232687719868,0.951527964500743
POL,48,45,0.25,0.15,0.3,7,7,40.029999,0.150102491020567,0.290512900581277,0.0129970288030371
ESL,20,85,6.7,5.4,6.3,10,184,90.150002,0.176206993355799,0.374399805825052,5.27494084059386
STI,202,70,0.52,0.47,0.62,150,1,59.77,0.216849866127836,0.191490330571385,0.902215526234018
MUX,475,3,0.33,0.3,0.4,13,3711,1.95,0.718294735776605,0.762870124757843,0.360598246142924
KNL,20,20,0.85,0.3,1.35,134,59,20,0.195870690163457,0.723674566124324,0.365798721311316
MTW,167,9,1.15,1.05,1.2,150,203,9,0.307938051799964,0.496424666769777,0.746524038303749
WDR,76,22.5,0.1,0.1,0.25,35,557,20.07,0.252925354760346,0.270163570945538,0.207930607788144
GVA,76,55,4.3,4.7,5.5,5,175,57.950001,0.148462380007873,0.374670045630005,3.43334952784529
WRB,111,69.5,1.35,1.05,1.55,10,210,66.739998,0.225446750771928,0.180881398811594,2.17399975164692
MTL,20,7.5,0.05,0,0.1,3,138,5.17,0.32688136012131,1.29745572984196,5.25404389994932e-08
SAIC,230,70,3.67,3.9,4.8,105,105,66.849998,0.685042830019006,0.289069510749148,13.1396528625736
TRQ,76,3,0.3,0.3,0.4,10,614,3.1,0.161664225151126,0.628458822742993,0.148457121771057
WMC,111,2.5,7.8,7.8,8.5,5,0,10.47,0.191244257256894,2.61666242776103,7.97
CAL,139,30,2,2.9,3.3,100,100,30.52,0.209052849849617,0.408203577197272,1.83007095372483
MTU,48,7.5,0.2,0.15,0.25,101,229,6.44,0.1927191314481,0.643742988688749,0.00250892032620882
STNG,111,4,0.25,0.2,0.25,1008,4734,3.43,0.523859442518894,0.594004246768102,0.200144213057466
LQ,167,10,5.4,7.4,7.8,512,1500,17.5,0.198969775870329,0.665288243054829,7.50000620833855
CTT,139,10,2.5,2.4,3,44,2,12.61,0.161682316425412,0.470304421926467,2.61381599787852
MET,258,57.5,1.45,1.37,1.61,6,21,51.950001,0.171391634149455,0.204709580355479,1.11522777204166
CZZ,167,10,0.37,0.25,0.45,500,563,8.13,0.211478997343839,0.47441318187111,0.0425069747856084
QUAD,48,22.5,1.55,1.4,1.6,63,122,22.610001,0.581394927310928,0.473871046245029,1.94913506320835
DEA,76,20,0.48,0.7,1,10,34,20.67,0.09039796555236,0.164051038265051,0.77101363334684
BXP,20,120,2.05,3.5,3.9,87,177,122.879997,0.144415142504326,0.190633997820598,3.46491396568598
CNDT,202,15,1.95,1.85,2.05,40,15,15.67,0.17353234021216,0.373459357660356,1.16894353201105
SCG,20,55,0.12,0.05,0.15,105,158,48.490002,0.348506629274349,0.372850114328699,0.111479874865679
TV,475,30,2.6,1,1.45,30,260,24.67,0.12543877016066,0.282314458007055,0.153179662183138
O,111,90,0.1,0,0.4,100,100,57.189999,0.141040276292105,0.497316535713605,2.48931086159048e-09
CHGG,48,17.5,0.27,0.2,0.4,40,61,14.84,0.347331328550208,0.56950979595157,0.0905362796385216
TEX,111,49,1.45,1.55,1.7,4,18,45.02,0.249137216454142,0.32134182383034,1.05800239410572
AIG,6,63.5,0.04,0.03,0.17,952,0,61.389999,0.178023933838272,0.260573948857771,0.0436516645466432
TU,76,35,1.55,1.3,1.7,60,252,35.970001,0.0736870014622849,0.178167436138574,1.11013867594037
ABEV,202,10,0.04,0,0.05,30,40,6.59,0.205675723342958,0.352053821785581,0.00120745690105097
RIO,76,40,7.5,7.4,7.7,53,100,47.189999,0.194300269865113,0.343551956999174,7.23664451405441
CBS,6,57.5,1.07,0.86,1.23,1530,37,58,0.3072388218086,0.324799021274703,1.17931231553946
HES,27,45.5,0.6,1.1,1.28,20,21,46.889999,0.199013142253082,7.52809967479677e-19,1.842636783118
PAH,111,10,1.65,1.65,1.85,450,850,11.15,0.348887982820992,0.512607947136155,1.51125910958519
DRH,76,12.5,0.05,0,0.15,10,25,10.95,0.188271920861989,0.306104914174626,0.0267916809855739
KOP,167,50,2.4,2.4,2.8,25,7,46.150002,0.275480417570337,0.345010121636088,1.96743382100312
ETP,20,18,0.55,0.55,0.65,510,481,18.290001,0.185883746705729,0.290089286435696,0.480958914361773
SRLP,48,25,0.55,0.4,0.75,10,10,24.6,0.292430057410235,0.261104742924629,0.860800847029251
CCO,76,7.5,0.05,0,0.1,8,8,4.65,0.475773487650411,0.810852248493769,0.00620195230164666
ARW,48,85,1,0.85,1.1,3,7,80.410004,0.12191449753383,0.235871515710464,0.182702528383807
ALG,48,100,4.5,6.5,11.5,13,19,107.370003,0.170339119606695,0.482463946905157,7.76643429704656
BMY,48,67.5,0.91,0.86,0.95,2387,11053,63.740002,0.193233732728585,0.249870321887761,0.53507964466783
VSH,20,15,3.6,3.6,3.9,28,46,18.799999,0.140015747446063,0.690584773747582,3.79999900000021
AYI,20,185,3,2.6,3.2,464,90,171.279999,0.329523033323266,0.500798812678703,1.14567771890867
APC,6,49.5,0.37,0.36,0.45,79,70,48.849998,0.356174444912522,0.290004004541786,0.608053986348818
CRK,76,6,1.05,0.65,0.75,115,115,6.08,0.269017573431446,0.647433081908887,0.337324000907234
SQ,111,14,14.7,14.7,15,15,220,28.809999,0.288772655685007,0.803707502832745,14.810000885609
CMC,20,22,0.06,0,0.1,25,25,19.030001,0.274828463549928,0.47188758000657,0.00550254970079242
HNP,48,30,0.1,0.05,0.25,200,393,24.42,0.154192822603157,0.46772414145459,4.24606943351426e-05
SPGI,48,125,26.6,31.1,31.9,1000,61,156.309998,0.0825211161685101,0.40796531799733,31.309998
HSC,202,22.5,1.4,1.8,2.05,10,10,20.9,0.324037217963588,0.433255948649576,1.37801714461985
ORC,202,7.5,2.65,2.55,2.85,110,7,10.19,0.104447153749454,0.370181616706252,2.69000617399913
RXN,48,25,1.35,1.2,1.6,5,2105,25.41,0.19362424980209,0.380228201427597,0.929747093319202
GTN,20,15,0.8,0.9,1.05,361,6289,15.7,0.363033689331039,0.44676796189339,0.943364793653387
CEO,76,140,0.95,1.2,1.75,50,159,129.699997,0.165523392493825,0.220603740883293,0.828765666821248
ONDK,20,4,0.6,0.65,0.8,90,7,4.67,0.411115186668489,0.925437118791152,0.679450472192236
SGY,111,30,2,0.5,5,1,5,29.059999,0.508446060940738,0.847719230497954,2.84345751631972
OGS,111,80,0.96,0.75,1.15,4,60,73.639999,0.120535391295447,0.203339626838765,0.260023899057364
ADC,20,40,9.26,8.8,9.3,49,7,49.080002,0.105023770685545,0.613091590683352,9.080002
TROX,20,19,4.42,2.15,2.45,326,681,21.1,0.405855983730861,0.585291570567969,2.22953839393148
RHP,20,70,0.1,0,0.1,50,86,62.490002,0.152818047308603,0.297658356710747,0.000484625493604902
OOMA,202,7.5,1.1,3,3.6,10,10,10.55,0.372946854057732,0.625414954788265,3.17933559112207
SPH,20,25,1.43,1,1.35,115,549,26.09,0.157455605563337,0.280248134247975,1.14753151214939
GM,475,40,4,3.9,4.05,1081,30607,40.380001,0.142198113518666,0.211386692898965,2.79244879249946
EVC,48,5,0.85,0.7,0.95,100,335,5.7,0.205443252119775,0.684642565678129,0.706291837330854
HEP,20,35,0.3,0.1,0.45,190,590,33.400002,0.366125060562223,0.333321512996379,0.538850849169188
WCN,20,75,0.05,0,0.1,30,45,69.959999,0.121855417388631,0.19883073880964,0.00499682415801217
KBR,20,18,0.45,0.4,0.45,50,797,17.879999,0.285657038616306,0.303136377516461,0.420871441039536
FLR,475,65,0.3,0.1,0.3,50,79,42.099998,0.101405188774044,0.233619965043879,0.000124365423300556
PF,76,62.5,1.02,0.9,1.15,400,9299,57.169998,0.13976112007057,0.286506839173015,0.14044544793242
AMID,111,10,4.7,3.5,4.3,32,0,13.65,0.207813421343536,0.763890640124477,3.65134859667017
PAM,167,70,2.6,1.5,4.2,5,20,65.099998,0.233963382606906,0.349407273113392,2.2494127759615
INGR,202,105,16.73,15.1,19.8,27,27,120.639999,0.116373502508135,0.303196206561367,15.8642608619977
EURN,48,10,0.1,0,0.75,100,100,8.1,0.228718012073899,1.16944087152131,0.0013172107921794
NCR,839,47,4.2,4,4.9,4000,4000,37.52,0.23473975373114,0.351552907764268,2.36777491001205
HES,475,57.5,2.98,2.77,3.05,10,11,46.889999,0.199013142253082,0.30291081448542,1.1825552262583
UNP,111,150,0.06,0.04,0.12,1286,140132,115.970001,0.154253990109702,0.226858487600627,0.00392167898513671
FSIC,111,10,0.03,0,0.05,20,159,8.45,0.180411998009825,0.230064306789195,0.0170046915174098
PHX,48,20,1.65,3.6,4.7,4,12,23.799999,0.339384190097777,0.736907843090473,3.89545960340648
NPTN,48,5,1,0.9,1,100,230,5.56,0.560445005229964,0.900036268239616,0.764119980580887
ESS,202,260,9.1,8.3,9.4,15,15,254.029999,0.138633824819998,0.159418051534677,7.85170756950339
FLR,20,44,0.1,0.05,0.15,397,434,42.099998,0.101405188774044,0.1851533158182,0.0125340296742877
AVD,48,20,2.3,3.2,3.5,488,268,22.9,0.318081991024045,0.537582933892393,3.04591758264792
DHR,48,85,2.46,2.35,2.6,12,0,85.779999,0.131653747441916,0.177140010516945,2.04590061343271
ROYT,76,2.5,0.05,0,0.1,400,2926,1.58,0.49531359042933,1.1183482664864,0.00349831028014224
ABC,48,110,0.45,0.5,0.8,61,61,82.75,0.253212784920501,0.57788765758583,0.00233757296279793
HOG,230,45,6.3,5.75,6.2,100,0,48.209999,0.211473291850964,0.299647344217122,4.98075161611241
SR,167,70,7.3,5.7,6.3,3,3,74.650002,0.12209764458148,0.179182998440016,5.39455776344036
PKD,111,2.5,0.03,0,0.05,20,25,1.1,0.494785545502233,1.17110176867945,0.000166148193343318
TJX,20,75,0.69,0.55,0.65,119,3862,73.730003,0.109498124977528,0.169594551228795,0.288201458368391
COT,48,15,0.65,0.6,0.8,1153,1345,15.01,0.205255107859132,0.366488033218832,0.450485025114444
FDC,20,22,0.03,0,0.05,30,119,18.040001,0.233156528858278,0.515101678480355,3.6618601263892e-05
BMA,20,95,16.58,20.6,23.6,8,66,117.349998,0.326341340848662,0.794398442467166,22.3568729700567
HLS,20,40,6.27,6.2,8,7,0,46.349998,0.172736075385311,1.01094188423463,6.35005478242793
STZ,111,220,3.8,3.8,3.9,1396,10452,199.449997,0.0645110886417857,0.245995837527979,0.00655497677185324
GIS,111,55,0.68,0.63,0.71,12,1832,51.759998,0.269123951080989,0.162594198965983,1.79764009403732
AGN,111,260,0.75,0.59,1.56,224,3407,204.949997,0.283831593632798,0.314624577541049,1.00928317003062
ZNH,48,30,4.9,4.6,5.1,10,0,34.369999,0.335570329798439,0.490817665897465,4.62868288285375
KBH,20,23,1.28,1.22,1.43,4678,6306,24.120001,0.361744010063467,0.335975164188779,1.47779274570083
BMS,20,30,17.6,15.4,16.7,130,130,45.57,0.451103814789933,1.71620601894554,15.5700333024304
SFR,202,40,0.65,0,1.25,1000,1000,36.369999,0.215072237524973,0.237275332739158,1.03662372089316
ZTS,475,50,15.3,15.1,16.2,40,240,63.759998,0.10749824248766,0.287136813042778,13.8215312930746
CTT,48,12.5,0.4,0.15,0.55,30,698,12.61,0.161682316425412,0.271560843298713,0.351901260417113
C,20,71.5,1.98,2.01,2.08,590,845,72.739998,0.185181637445989,0.203701629093732,1.96391123427305
CSRA,20,30,2.1,1.9,2.6,100,112,32.27,0.193844492368104,0.384355785850714,2.30223312567069
DNOW,48,25,0.1,0,0.1,10,38,13.81,0.233107727242514,0.933754302857954,2.33650876424464e-13
TRV,475,90,33.06,32.6,34.8,5,52,122.519997,0.249850695475939,0.256106824962908,34.6328867525973
JHG,48,35,0.5,0.55,0.9,47,0,34.84,0.222569958585686,0.193612607780331,1.04591644693402
UTI,111,5,0.1,0.05,0.2,153,970,3.47,0.389982475358156,0.788638625876445,0.0163705671679282
PCG,76,70,0.95,0.95,1.05,11,394,68.089996,0.133018508068936,0.147246319838536,0.887283253696616
REN,111,55,0.35,0.2,0.45,10,59,29.690001,0.689582715107151,0.734754355864519,0.335141556219665
TOL,111,40,2.77,2.85,3.1,38,931,41.470001,0.153280128658045,0.255806800836902,2.23146723274841
SFR,202,40,0.65,0,1.25,1000,1000,36.369999,0.215072237524973,0.237275332739158,1.03662372089316
HHS,76,2.5,0.05,0,0.05,20,8,1.07,0.694103770283431,1.45617596830139,0.00058102361774722
HLI,167,35,2.65,4.9,5.4,12,12,39.130001,0.192825654654794,0.288242438413334,4.65521722286385
NL,139,12.5,0.4,0,0.65,11,0,9.15,0.395587427993914,0.711454732492412,0.123907566385528
NWE,76,70,0.55,0,1,20,20,56.939999,0.120438180619602,0.440476822765068,7.05596261704432e-05
DNOW,139,22.5,0.3,0.25,0.4,4,0,13.81,0.233107727242514,0.660742864203209,0.000224835372927519
A,139,60,5.85,5.7,6,37,99,64.199997,0.113864048093146,0.229681471005521,4.58960131686636
ZTS,202,67.5,1.95,1.75,2.15,149,0,63.759998,0.10749824248766,0.19146223735038,0.733169629009943
USDP,20,15,0.4,0,0.4,30,104,11,0.629090260079289,1.42002030718391,0.0120018361863611
ECOM,167,12.5,1.1,1,1.25,10,47,11.5,0.317640804391846,0.529180486720933,0.602611857893843
AWK,48,80,1.94,2,2.25,42,47,80.910004,0.114350302403692,0.151026032575981,1.83509132199905
ETR,76,100,0.1,0,0.05,10,10,76.360001,0.140072099912716,0.26703325344986,1.46791042692105e-05
ERJ,48,25,0.45,0.3,0.4,75,136,22.610001,0.17435934643784,0.36275285205165,0.0358269154995654
ABC,6,85,1.25,0.05,0.2,17,26,82.75,0.253212784920501,0.214014155172338,0.312344898585117
KYN,20,15,5,2.8,3.7,5,0,18.17,0.136989718908006,1.07381709143973,3.17000000009347
STAG,76,22.5,6,4.6,5.6,3,0,27.469999,0.110764157390932,0.511588504659421,4.9700102243576
SRG,356,42,4.3,5.6,6.9,100,100,46.07,0.107906591752289,0.264936528639988,4.56868900788884
VLO,48,77.5,2.19,2.01,2.6,827,445,76.93,0.150781594097546,0.257552154885842,1.41446513074792
TWX,6,108,0.11,0,2.42,402,100,102.449997,0.0702664012325677,0.870353893115706,3.6000592793799e-10
IRM,20,32.5,7.3,6.3,6.6,1700,0,38.900002,0.18020728878503,0.573793826182107,6.40000524987926
TSQ,76,12.5,0.1,0,0.25,10,55,10,0.272081519317204,0.52292964831802,0.0199208782968187
CNHI,76,5,6,6.9,7.2,89,48,12.01,0.103361408018068,1.40697467296824,7.01
LTC,20,45,4.1,1.8,2.5,5,0,46.98,0.129536356918856,0.296369185659428,2.02890105407196
DXC,475,95,3.7,5.1,5.8,23,25,85.879997,0.103266167495421,0.236203202536336,1.15486343871101
FPO,20,12.5,0.05,0,0.05,20,21,11.14,0.0193473334685663,0.383600472930879,0
NCI,20,21,0.55,0.4,0.65,1,1,16.92,0.131570847057775,1.18599886223923,9.06275055001535e-14
CGA,76,1,0.27,0.25,0.35,100,100,1.23,0.194789187769526,1.0776274757068,0.230331128666806
FNF,20,48,0.46,0.35,0.55,153,27,47.459999,0.219770887203827,0.177440974884251,0.733056595392462
LNT,202,45,1,0.35,0.75,9,11,41.57,0.141016971120979,0.157265862655562,0.588773844406496
PHM,111,26,2.15,2.08,2.2,817,10217,27.33,0.160960017987869,0.245403074891847,1.75408854693814
FTV,20,75,0.03,0,0.1,10,3,70.790001,0.110308805520605,0.172179311076059,0.00826318066877973
MRO,20,13,0.74,0.72,0.75,258,13754,13.56,0.289583862548988,0.331291672463278,0.706361020012148
CS,475,22.5,0.3,0.15,0.4,3075,315,15.8,0.151515030164615,0.279039287007216,0.0244205802601819
BGG,20,25,0.15,0,0.1,200,402,23.5,0.195959578275994,0.245469883735104,0.0455702084166378
XCO,76,3,0.1,0.05,0.15,3,479,1.34,0.773795260610504,1.87203892941806,0.00269340838392278
KB,76,50,3.7,1.8,2.5,2,2,49.029999,0.448167140856572,0.328675732166513,3.56607774279648
ESS,20,230,21.54,23.3,24.9,15,0,254.029999,0.138633824819998,0.329546528532329,24.0323996351995
FELP,76,7.5,0.11,0,0.15,20,70,4.23,0.332356658091901,1.05011207626656,1.60063075273803e-05
BP,6,38.5,0.21,0.19,0.25,1097,930,38.43,0.0870497382919518,0.144161220430862,0.138536933077557
OFC,167,35,0.61,0.45,0.65,3,3,32.830002,0.106593917302097,0.162990081937972,0.250938070960146
PRO,139,22.5,2.75,3.1,3.4,5,5,24.129999,0.278016298100027,0.43720857312784,2.53908621323163
CF,6,30,5.15,5.05,5.3,425,409,35.16,0.418328312537321,0.892396168324826,5.1607679107271
TGH,20,20,0.05,0,0.1,20,11,17.15,0.444363141943271,0.50574297716708,0.0592975898979611
IPI,48,3,1.2,1.3,1.45,500,500,4.36,0.498653438083079,0.959797555406273,1.3646111627011
ABC,13,76,5.4,6.5,7.6,20,20,82.75,0.253212784920501,0.525035526605404,6.80678434250228
LB,20,35,7.59,6.6,6.8,704,362,41.610001,0.456886304940024,0.540554326950685,6.70091554489687
X,111,30,0.98,0.98,1.01,1734,22553,25.66,0.327400403555139,0.431402428568938,0.534391778695089
MSGN,48,25,0.2,0,0.2,155,3329,21.200001,0.254258219504394,0.392638376283698,0.0311934540817724
FN,202,46,2.45,1.45,1.75,42,53,37.060001,0.272792756296519,0.408737194092245,0.613978596731319
XEL,76,50,0.45,0.1,0.35,25,2500,47.32,0.123986566608101,0.142588070736371,0.240921902741066
TNC,20,70,2,0.15,0.45,4,204,66.199997,0.142904602876102,0.271046074967526,0.0449414789665221
ARW,167,90,1.5,1.4,1.85,5,5,80.410004,0.12191449753383,0.232182751455748,0.276770999206597
GOL,20,7.5,13.2,12.6,14.3,38,0,21.139999,0.536375686164659,3.85160392783625,13.639999
KSU,475,125,4.7,5.6,6.2,13,15,108.68,0.101142197528272,0.240552695751624,0.734413110117053
CHT,76,35,0.7,0.6,0.95,1,28,34.110001,0.0714615461303855,0.214474410712142,0.137854892304193
SNV,230,36,8.6,10.4,10.9,68,68,46.060001,0.217370833690683,0.31146058607542,10.3014549407206
BBL,76,30,8.9,5.6,5.9,1200,0,35.450001,0.202562830569869,0.365107980870536,5.49235909821589
BFR,202,15,5.9,5.3,5.9,400,0,20.389999,0.284093019937885,0.43339818640886,5.51009955376148
FGP,139,2.5,2.7,2.55,2.8,30,150,5.14,0.505524088021598,1.071334564785,2.64393214035884
RSO,139,10,0.8,0.75,0.9,11,127,10.78,0.128611484890439,0.153696087108654,0.855927096273767
Q,111,105,1.3,0.8,1.2,20,128,95.07,0.114327152926724,0.20647140285508,0.15492523795676
SBGL,20,5,0.1,0,0.1,342,1794,4.46,0.469069907168667,0.668248686445309,0.0399019257659533
HTGC,202,12.5,0.4,0.4,0.5,14,40,12.9,0.125595222045252,0.0665780659034905,0.699831923160003
TRV,111,60,57.95,62.4,63,23,5,122.519997,0.249850695475939,0.719711313786827,62.519997232624
HGT,48,2.5,0.05,0.05,0.1,1,90,1.85,0.464712301583696,1.05453163613372,0.00533473247364466
ATI,20,15,8.7,8.7,9.2,10,119,23.9,0.389255009800592,1.52341736787446,8.90000004977975
CS,475,24.51,0.2,0,0.2,2000,2108,15.8,0.151515030164615,0.267385313604286,0.00599356077812974
TBI,20,20,1.05,2.5,2.9,205,364,22.450001,0.237763390358488,0.673230285468792,2.45814120810894
TV,475,30,2.6,1,1.45,30,260,24.67,0.12543877016066,0.282314458007055,0.153179662183138
BGC,139,19,2.26,2.1,2.3,100,40,18.85,0.329556205658242,0.511708217752455,1.45897241736415
DO,111,17.5,0.61,0.46,0.58,201,2616,14.5,0.512877419858047,0.476676667469074,0.679092047115761
FTV,76,75,0.6,0.45,0.6,155,78,70.790001,0.110308805520605,0.154879334590093,0.2287741923002
STOR,20,22.5,2.68,2.15,2.65,295,8,24.870001,0.125528788095554,0.486071774144065,2.37005926633471
CCC,20,25,0.05,0,0.05,36,36,21.4,2.20368657112957,0.41143994971251,3.12965416673089
SVU,111,7,0.02,0,0.05,20,669,21.75,0.418101486248764,-5.14839294273892e-17,14.7500002336055
MTZ,48,44,4.7,4,4.3,21,21,46.400002,0.318124711493349,0.451086146151799,3.49533022370004
MATX,48,25,2.8,3.6,4,25,25,28.18,0.478131565301518,0.527876678016176,3.846712488697
BAC,76,25,1.27,1.26,1.29,5192,103263,25.34,0.222099910196926,0.242760058062269,1.19623583734223
VSTO,139,17.5,6,6.1,6.5,4,14,22.940001,0.291787298264197,0.617244942047355,5.54464717669956
WGP,139,45,0.5,0.5,1.2,110,114,41.18,0.145600787028888,0.253944508501299,0.329915595518388
DSX,76,7,0.05,0,0.05,300,416,3.63,0.334835093243879,0.909914416645851,1.4013702697252e-06
LLY,111,72.5,12.6,13.2,13.6,14,2264,85.540001,0.13562105194091,0.244137667664026,13.0678400056039
CACI,167,170,1.25,0.9,1.4,1,6,139.350006,0.19872595473461,0.243571649554256,0.634915307706384
MG,20,22.5,0.1,0,0.1,20,63,20.5,0.206561391370734,0.338049746094837,0.0107455337107544
AIT,48,65,2.2,2.15,2.75,65,65,65.800003,0.15434955693482,0.246150490898735,1.89491657779865
TEF,76,10,0.85,0.8,1,467,699,10.79,0.174216211302473,0.270196996421198,0.864659956124926
EROS,76,15,2.4,2.1,2.6,368,8885,14.3,1.16428731819224,1.11323908017055,2.73102857611662
NPTN,230,7.5,0.7,0.6,0.9,120,0,5.56,0.560445005229964,0.841865732072252,0.423858926408643
WRB,111,64.5,3.21,3.8,4.3,2,13,66.739998,0.225446750771928,0.211411734370009,4.4942498158079
TOWR,48,30,0.5,0.05,0.75,72,72,27.200001,0.364056878757903,0.439975444333035,0.500776647554415
QTM,20,6,0.3,0.25,0.45,114,145,6.12,0.335306347494404,0.684679726289174,0.255708631957291
YEXT,48,17.5,0.14,0,0.35,12,49,13.28,0.58548322764878,0.762159207685966,0.146895988712414
REG,202,65,3.8,1.6,1.95,520,560,62.040001,0.181394891352032,0.170717919167985,2.13846196768487
ABC,6,82,0.89,1.15,1.4,10,18,82.75,0.253212784920501,0.232519801649617,1.48352188255294
PEP,6,118,0.01,0,0.04,100,242,111.43,0.0932761688251693,0.236992571524915,2.1978544554158e-07
CBZ,111,17.5,0.22,0.1,0.35,20,0,16.25,0.192939550363069,0.223663622850512,0.257672865387218
RAD,111,1,0.98,0.95,1.08,8451,1938,1.96,0.71061246307649,1.45423193527702,0.969481335984282
CZZ,167,10,0.37,0.25,0.45,500,563,8.13,0.211478997343839,0.47441318187111,0.0425069747856084
PBA,48,35,0.85,0.7,0.9,20,860,35.099998,0.180948456921829,0.167469057103863,0.968247154125834
VCRA,202,35,1.25,1.65,2,80,91,31.370001,0.238936771628488,0.358963004423207,0.965778428139867
RCL,34,120,2.84,3.15,3.4,57,173,118.540001,0.291970224407709,0.281629624751061,3.54856189326021
H,230,70,1.6,1.4,1.8,3,8,61.790001,0.0874793283706465,0.232395175155559,0.0657419592278643
ALLE,76,95,0.4,0.3,0.5,30,30,86.470001,0.0745735835089531,0.18387976078549,0.00264005092891939
NPO,48,75,3.5,6.7,7.4,15,15,80.529999,0.189492201478562,0.360244828102858,5.94567989355763
MD,139,75,0.25,0,0.7,32,32,43.119999,0.265750014190445,0.617926572321878,0.000886509280550049
PX,475,190,2.15,0.75,2.25,34,34,139.740005,0.127213231542198,0.222254052655139,0.145565769979566
EPE,48,6,0.25,0.1,0.2,35,35,3.26,0.509205850327994,1.63223766484407,0.000102044170988695
SGU,167,12.5,0.1,0,0.15,53,339,11.35,0.147904226890952,0.168492212891963,0.106057639853138
TOT,111,45,9.8,8.5,9,1200,10,53.52,0.112102208155874,0.277217595659652,8.52227037128555
LL,111,50,0.75,0.7,1,100,194,38.98,0.350543655835907,0.466421799917855,0.397328903940071
FCB,20,40,3.7,7.7,8.9,10,10,48.299999,0.270199938929811,0.768921386774884,8.30113346919727
AAN,20,43,1.2,1.4,1.6,395,393,43.630001,0.504727407658477,0.311575778154354,2.37084932916094
BPL,48,75,0.05,0,0.05,100,852,57,0.187013171366737,0.355237369999957,2.56516716566346e-05
MPX,76,15,1,1.2,1.65,14,14,16.049999,0.346834638437423,0.369239005768276,1.59211580095612
VIPS,139,22,0.05,0,0.1,200,0,8.79,0.343642073360097,0.827885529649191,4.68412182287268e-06
DCI,139,50,0.4,0.4,0.55,191,191,45.939999,0.279193391800168,0.164506458383682,1.65187367286977
THS,20,65,4,3.1,3.5,6,24,67.730003,0.143177751618114,0.293478105600458,2.84786175856284
PDS,167,4,0.11,0.1,0.25,50,200,3.12,0.490241376821371,0.619984421171386,0.152636044735565
W,27,86.5,0.45,0.05,0.2,8,9,67.400002,0.574530121379288,0.537277985777439,0.278851581694878
DLR,111,90,31.22,28.1,29.4,50,11,118.330002,0.271092578268615,0.390311901380636,28.5334124663388
FI,111,12.5,0.2,0.15,0.2,100,100,7.72,0.350563690606426,0.710126921755085,0.00387624117155276
AM,167,25,6.6,6.3,7,120,970,31.530001,0.280003828961681,0.327259241570751,6.81233001306769
SWK,111,145,8.74,9.4,10,6,419,150.970001,0.123687707175678,0.202522640049762,7.69526146460696
SNE,41,40,0.3,0.25,0.4,20,0,37.34,0.1931597426566,0.256813448797003,0.184570979709318
OOMA,20,12.5,0.17,0,0.6,10,69,10.55,0.372946854057732,1.26953061241096,0.00990281745601601
KR,111,25,0.19,0.15,0.25,1067,5345,20.059999,0.340524812737727,0.340971329481346,0.248897373086213
CWT,167,40,1.2,1.15,1.5,4,23,38.150002,0.20786696524785,0.219124810880958,1.38783541253923
CMI,111,42.5,69.4,65.9,70.5,10,0,168.029999,0.0914582087943224,8.10794527343252e-18,125.529999
PER,111,5,0.02,0,0.05,182,264,2.85,0.294534827008019,0.712065481045012,4.17009661908829e-05
CRCM,20,15,1.05,0.95,1.1,12,312,15.89,0.366320581081058,0.376597303359016,1.08811778251247
RYN,139,22.5,5.9,6.3,7,100,22,28.889999,0.0973763061020023,0.42617129224789,6.39000430445385
MDR,139,10,0.2,0.2,0.3,90,100,7.27,0.252603613709268,0.573727746287209,0.00996304935483602
TRQ,20,3,0.2,0.15,0.25,290,291,3.1,0.161664225151126,0.688784082368013,0.112318392160284
NMM,76,2.5,0.08,0.05,0.1,25,2777,2.05,0.340787863307442,0.648632911550081,0.0168219998601045
PEG,76,40,6.22,6.3,6.6,42,0,46.25,0.145808962079846,0.279918650511619,6.26470868212348
OAK,48,50,0.3,0,0.2,90,92,47.049999,0.10122176591131,0.156572592410495,0.0361522084867847
PES,76,5,0.1,0,0.15,100,261,2.55,0.710648908853974,1.35480762982914,0.00790815869240918
SXE,48,5,0.1,0,0.1,120,4589,2.35,0.569707576070152,1.65853337574981,2.20110269437107e-05
NJR,139,40,3.5,2.45,4.1,33,46,42.150002,0.119335802168517,0.287125178043753,2.57394198763249
NDRO,111,5,0.2,0,0.3,234,445,4.35,0.598458381955459,0.554014098675981,0.340899788127966
ARC,139,5,0.1,0,0.15,40,50,4.09,0.320207251997422,0.424313413535853,0.0718942974705169
WPZ,111,10,30.64,28.7,29.1,298,0,38.900002,0.116976887273383,1.36691300552308,28.900002
CLGX,111,22.5,23.4,22.3,26.2,5,5,46.220001,0.101635623289703,1.45344212347068,23.720001
BBT,20,47,0.84,0.77,0.87,80,1466,46.939999,0.190684864308538,0.205130515312183,0.806677647216972
HRC,48,75,2.15,2.05,2.45,10,10,74,0.153430881125597,0.271296020085045,1.20134282906577
HRS,230,160,0.4,0.05,0.7,10,10,131.679993,0.116421144862962,0.172969671011793,0.0848352972559878
DVA,20,60,1.28,1.1,1.35,277,2851,59.389999,0.305606747480171,0.293702491103978,1.41561982820845
TWLO,20,29.5,1.41,1.29,1.4,98,174,29.85,0.410727445510757,0.439357303577787,1.32131555341842
UBS,139,17.5,0.7,0.6,0.8,96,838,17.15,0.127813970322596,0.226419313630129,0.387787433246412
IBP,76,70,2,1.45,2.1,29,35,64.800003,0.245459410343591,0.342628479716783,1.09678187620749
BBL,167,45,0.55,0.65,0.8,147,146,35.450001,0.202562830569869,0.354159790264633,0.0903540160145655
CBI,6,17.5,0.21,0.15,0.2,1531,597,16.799999,0.381442419564663,0.535143732964221,0.0947616017711574
VNO,48,80,0.45,0.55,0.7,50,50,76.879997,0.151561930445763,0.16377385505888,0.591308124935306
NX,76,25,0.55,0.5,0.7,10,24,22.950001,0.294550478192882,0.34622540122293,0.510831836940067
ED,20,82.5,0.4,0.25,0.4,1005,1078,80.68,0.133069455351547,0.14088844166472,0.353246780319193
B,167,55,7,15.3,19,220,221,70.440002,0.242025462402575,0.556403144233438,15.7302602608147
ARCH,139,85,4.1,1.85,2.3,63,121,71.739998,0.270638022550172,0.365911251073613,1.05253050860603
CAJ,167,40,0.25,0,0.25,27,34,34.32,0.0865393640685572,0.185569874775299,0.00301192650673857
PGRE,111,17.5,0.2,0.1,0.2,22,22,16,0.13474172463614,0.19356977197961,0.0688680407631841
ICD,20,2.5,1.71,1,1.5,14,169,3.8,0.576706928319028,2.28490108265461,1.30011024936446
CHSP,20,20,7.17,6.5,7.5,40,0,26.969999,0.214216379835447,1.24265208355588,6.96999900022756
AMP,48,155,1.91,1.9,2.15,237,25,148.509995,0.201283498813547,0.214129067735568,1.91023162517423
NSP,202,120,0.4,0,0.9,77,39,88,0.158640841982148,0.303734125450548,0.0162037818393821
DHT,20,6,0.16,0,0.2,410,195,3.98,0.366668269660466,1.87898245890757,6.99623730360251e-08
SR,20,75,1.5,0.7,1.05,10,10,74.650002,0.12209764458148,0.174179118928028,0.689533644012315
GFI,111,7,0.01,0,0.04,1500,2700,4.31,0.390174302439292,0.554499272179616,0.00492463148919083
MED,167,70,0.55,0.45,0.75,16,16,59.369999,0.235207284880102,0.230520313229472,0.797048587141878
BGG,20,25,0.15,0,0.1,200,402,23.5,0.195959578275994,0.245469883735104,0.0455702084166378
MTG,111,9,2.76,3.55,3.8,100,143,12.53,0.243065023881294,0.585391210005658,3.53313617389082
TCP,139,50,3.2,2.75,4.5,6,6,52.32,0.183553223762488,0.254959350171164,3.65320100720291
RTEC,48,30,0.15,0,0.25,40,52,26.299999,0.300689524574772,0.33869995514283,0.169164014691863
BORN,76,2.5,0.1,0,0.2,34,26,1.23,0.269345840145653,2.05394272017684,1.37739488148547e-10
MODN,48,12,1.77,3,3.3,5,15,14.95,0.309936549210993,0.691196761457964,2.96436606065355
CSU,167,12.5,1.45,1.15,1.55,50,50,12.55,0.266091533871233,0.452928182921032,0.923363317980659
XEC,20,105,9,8.8,9.4,10,156,113.669998,0.268338882443936,0.340262284142526,9.00763995767983
VPG,20,22.5,0.65,0.2,0.85,177,280,24.4,0.194193387125616,-1.14336650999765e-16,1.91584957365617
MAS,20,40,0.15,0.1,0.2,160,1599,39.009998,0.114309794999176,0.152236053923974,0.0992141359112697
M,48,25,0.45,0.39,0.44,289,5732,21.82,0.347973703958242,0.453893082792589,0.210861201782437
SFE,20,10,1.9,2.9,3.9,10,194,13.35,0.210328119047413,1.61100124516033,3.3500000001999
SPR,20,75,4.6,3.2,3.5,50,129,77.720001,0.111877809475096,0.256257409425181,2.79996188519453
NWN,167,70,0.6,0.4,0.75,6,32,64.400002,0.111447087772202,0.147092386651489,0.342990869224446
DCM,48,22.5,1.05,0.55,0.85,20,20,22.790001,0.127052416247027,0.212319916704985,0.577171155713655
BBD,167,12,0.55,0.51,0.65,70,149,11.07,0.247918052440843,0.338287922313861,0.39303221659504
FN,20,40,0.3,0.2,0.35,103,423,37.060001,0.272792756296519,0.371534356771538,0.139155671582771
NBHC,20,30,1.8,5.4,6.2,1,1,35.689999,0.236724215788703,0.762064879808666,5.69042651811917
EPE,111,7,0.05,0,0.1,106,5422,3.26,0.509205850327994,1.00759976583417,0.00131437063481825
EBF,20,20,0.25,0.15,0.45,25,34,19.65,0.164524694051428,0.329071835125936,0.161026483411464
FLOW,167,35,5.45,5.4,5.9,500,0,38.560001,0.2647447154111,0.390526181262687,4.77755713787976
ANDX,167,55,0.69,0.5,0.75,300,98,50.060001,0.168922942417881,0.174766767938008,0.690483262901775
USPH,76,75,0.7,0,5,20,20,61.450001,0.24347318667052,0.845439402217223,0.109299333637374
JHG,48,35,0.5,0.55,0.9,47,0,34.84,0.222569958585686,0.193612607780331,1.04591644693402
CHD,111,50,1.12,1.15,1.3,81,174,48.450001,0.155008864332449,0.18284970844218,1.01569204457755
UHS,20,140,0.1,0,0.15,250,316,110.940002,0.18988440444445,0.513101775221582,8.15484296569192e-08
AKS,111,4,1.6,1.66,1.78,201,1017,5.59,0.322280748657133,0.696439346220731,1.59967502158098
FDX,48,230,3.6,3.45,3.65,268,366,225.580002,0.140352134224052,0.169472186350134,2.74679356086547
CMRE,167,8,0.05,0,0.1,56,115,6.18,0.332759398339836,0.334281706615366,0.0985085089968994
AXL,111,14,4.4,3.9,4.2,679,16594,17.58,0.357551636907383,0.550311450952687,3.76963120668093
UBA,48,22.5,0.3,0,0.3,1,60,21.700001,0.210133457573975,0.193842517297024,0.346050722200245
IPG,48,23,0.25,0.2,0.3,43,1715,20.790001,0.23217163592264,0.334278106009986,0.103255826524278
TRQ,20,3,0.2,0.15,0.25,290,291,3.1,0.161664225151126,0.688784082368013,0.112318392160284
DIN,48,45,1.3,1.25,1.4,26,157,42.98,0.322326205939747,0.356737358155879,1.19619708258904
AXS,20,55,2.6,2.3,2.85,20,84,57.310001,0.458176922830023,0.267567566189451,3.7309189112229
TOO,48,3,0.06,0,0.1,12489,29197,2.38,0.43321576723527,0.825161385108481,0.0130317846140408
FLO,202,20,0.49,0.65,0.8,19,446,18.809999,0.190270488165691,0.227793172603194,0.600899519847371
CPB,475,52.5,1.45,1.55,2,9,20,46.82,0.241397321534995,0.18860889443837,3.05842397968968
CM,76,80,8.8,8.2,8.9,900,10,87.519997,0.106480008808833,0.268284703141277,7.57123756321437
SHO,167,15,1.2,0.9,2.2,39,39,16.07,0.136151548055743,0.384980196971362,1.25802109898399
HLI,76,20,15,18.6,19.6,1,0,39.130001,0.192825654654794,1.04416483655876,19.130001
GATX,167,55,7.93,8.2,8.7,4,4,61.560001,0.222645250320946,0.300400031487501,7.71111619038155
EGP,167,85,6,5.5,6.3,30,36,88.120003,0.131610964668531,0.195881389528731,4.88155155078078
MLI,48,35,0.3,0.3,0.55,25,23,34.950001,0.272774686238721,0.113577866597141,1.35479926529496
SHW,76,300,56.4,58.6,61.5,1,917,358.040009,0.150025652693642,0.347754820551882,58.074597405392
LDOS,475,45,14.8,15.3,15.7,721,455,59.220001,0.14535379324353,0.261554989210418,14.3936698484111
MSG,139,190,26.52,26.7,28.4,40,0,214.100006,0.323697430674945,0.260564710474863,30.9014601900387
UGP,20,25,0.2,0,0.9,20,20,23.82,0.17534457107487,0.620203241523318,0.0587701564946621
FR,20,30,0.72,0.35,0.7,2,0,30.09,0.152835012489218,0.233125902883545,0.475297459626656
THR,139,17.5,1,0.9,2.05,3,3,17.99,0.137499760258716,0.411868411080953,0.877011057930863
MTG,111,9,2.76,3.55,3.8,100,143,12.53,0.243065023881294,0.585391210005658,3.53313617389082
AZUL,230,30,2.9,1.85,2.5,21,21,27.450001,0.379242189358605,0.401382552639922,2.30920539249309
AUO,20,5,0.01,0,0.05,13,796,4.04,0.337292400903783,0.784516742650077,0.00037557737408446
DX,76,7.5,0.01,0,0.1,20,111,7.27,0.0906733090847189,0.144089603914446,0.0398763111736491
CLDR,20,20,0.15,0.05,0.1,10,709,16.620001,0.566137575852965,0.582756843467378,0.0890572384548711
ES,111,60,2.4,2,2.15,4,63,60.439999,0.146409029780441,0.145112083173862,2.16709784237927
CB,139,170,0.2,0,0.2,50,1,142.550003,0.261938494923975,0.156210887996884,1.7592066846092
EQGP,20,35,0.45,0.4,0.85,1,0,28.959999,0.120610496188326,0.986903542897375,1.23522555522949e-12
VJET,48,2,3.6,3.1,3.6,80,67,5.42,0.882349935399781,2.44977561684874,3.42026280347457
ATKR,111,17.5,1.55,2.8,3.2,14,61,19.51,0.207584421459087,0.5030320785832,2.20354093001063
SKX,20,31,0.1,0.05,0.2,30,776,25.09,0.26459898675969,0.689555112376097,0.000140968124802132
SXI,48,110,1.2,1.5,2.2,10,10,106.199997,0.183209622525924,0.243192937913171,1.35646000179662
CMI,475,100,54.65,66.1,70.9,10,19,168.029999,0.0914582087943224,0.370926475657031,68.0299998236555
AHC,48,7.5,0.1,0,0.15,1,3,4.6,0.377840884708195,1.16575812091552,3.57477691160567e-05
CHU,20,15,0.4,0.25,0.45,10,1445,14.03,0.192408461953968,0.626566577085175,0.0198405763252463
CHH,167,70,0.85,0.55,0.95,12,24,63.900002,0.149388130985664,0.171124226878935,0.675337788893399
SWN,13,7,0.02,0,0.05,30,300,6.11,0.486445714111241,0.634495898531567,0.0183477086329827
FCF,202,15,0.3,0.25,1,20,20,14.13,0.227522385859768,0.322884203272995,0.607738148939238
SXT,111,75,3.34,3.4,4.2,2,2,76.919998,0.0959899753894707,0.188425642955566,2.74335302942293
PVG,111,20,0.1,0.05,0.2,100,186,9.26,0.458440594885681,0.930972207045688,0.00110876080203889
BR,167,85,1.85,1.75,2.05,42,32,80.82,0.0983522550836056,0.168981740439529,0.71308699081851
SWM,167,40,2.3,3.2,3.8,35,53,41.459999,0.194316461203913,0.274639470113955,2.94296011721424
CIR,48,70,0.7,0,4.4,40,54,54.43,0.294706354551153,1.16797900682577,0.0205687684164015
HZO,20,12.5,3.5,3.8,4.3,10,23,16.549999,0.244023103743864,1.08931581667947,4.04999906919212
KEY,34,19.5,0.19,0.24,0.3,1930,1930,18.82,0.22694460553708,0.247595204672381,0.257320442815399
KBH,20,23,1.28,1.22,1.43,4678,6306,24.120001,0.361744010063467,0.335975164188779,1.47779274570083
RESI,76,17.5,0.07,0,0.15,200,382,11.11,0.278216856443979,0.695579057007034,7.51638238473229e-05
RS,76,75,4,3.9,4.2,52,4635,76.169998,0.197137840469704,0.260679427980747,3.33663890169222
KEG,111,20,0.05,0,0.3,7,3,13.17,0.466593786690688,0.623210666196579,0.091204979895109
DNB,48,110,4,8.2,8.6,10,25,116.410004,0.166071870862801,0.288316620216438,7.04497361350086
FCF,202,15,0.3,0.25,1,20,20,14.13,0.227522385859768,0.322884203272995,0.607738148939238
ALDW,230,12.5,0.45,0.3,0.65,7,93,11.53,0.325977774437384,0.280757869829347,0.81128980771916
FLY,48,12.5,1.05,1.5,1.85,3,32,14.02,0.161170502325583,0.465696733979363,1.52723944718232
HAE,20,45,0.65,0.55,0.9,10,70,44.869999,0.225289080721809,0.229661384375402,0.881686119906977
RENN,202,10,0.83,0.75,1.05,840,82,8.96,0.468521551217821,0.542127671566488,0.855377515744445
ORI,20,22.5,0.05,0,0.1,25,106,19.690001,0.28415524461827,0.440457054613724,0.0117049297869942
WRK,111,70,0.6,0.45,0.65,123,23,56.73,0.208757511560861,0.32238921040611,0.0968987187673878
CCO,76,7.5,0.05,0,0.1,8,8,4.65,0.475773487650411,0.810852248493769,0.00620195230164666
AMGP,20,22.5,0.3,0.1,0.25,30,246,20.469999,0.188224708312493,0.466343442411064,0.00538007429812964
NGG,76,70,0.2,0.1,0.2,15,103,62.709999,0.147597919632622,0.174173164331642,0.0958992742783886
CMD,20,95,1.35,1.3,1.7,39,15,94.169998,0.2437162063341,0.23651427982865,1.76281724038284
PII,475,135,2.25,3.9,4.7,93,93,104.629997,0.276366692366151,0.283936269705657,4.40587085242461
LAD,20,115,3.3,6.6,7.6,300,318,120.309998,0.127730910823055,0.405244421490533,5.41080106881185
AMGP,20,22.5,0.3,0.1,0.25,30,246,20.469999,0.188224708312493,0.466343442411064,0.00538007429812964
BNS,447,65,3.7,3.3,3.7,34,109,64.25,0.109862955432161,0.142590236735136,2.77181805863594
FL,230,28,7.94,8.3,8.6,40,40,35.220001,0.288781667035876,0.402457497677102,7.81642543017067
KAI,202,95,7.51,9,10.1,5,18,98.550003,0.0909725600209528,0.286181478247459,4.76185997016887
MOV,20,22,1.55,5.7,6.3,80,0,28,0.257348756950977,0.87706769423397,6.00001049479066
EQT,48,72.5,0.6,0.5,0.65,1412,1412,65.239998,0.17944393446985,0.298489999207513,0.0988289610324369
NGVC,167,5,1.01,1,1.25,58,128,5.58,0.498813478298307,0.658529552039569,1.03546347229879
ACRE,48,15,0.15,0,0.15,15,15,13.31,0.123003724253845,0.337167688268506,0.000713358330129713
QEP,76,11,0.12,0.1,0.25,600,1885,8.57,0.594469675866131,0.59150078614087,0.253397537191678
HGV,20,40,0.45,0.2,0.4,20,24,38.630001,0.184858708999082,0.253001456483951,0.202513157734913
OXY,139,70,1.07,1.06,1.18,536,411,64.209999,0.149808748809051,0.199849819063232,0.584354800937147
WCN,167,70,3.1,3,3.3,3,5,69.959999,0.121855417388631,0.175910674221585,2.28053965001171
AMC,20,18,0.08,0.05,0.1,4705,5373,14.7,0.617291986182748,0.641525102458781,0.0857295460661218
BMY,111,25,38,37.05,40.35,50,50,63.740002,0.193233732728585,1.40171052666477,38.740002
BDN,20,20,0.06,0,0.1,7,19,17.49,0.137265482084224,0.456548829798602,1.9553673231143e-06
SNX,20,130,1.52,0.9,1.15,54,489,126.510002,0.354338897598026,0.210421763925659,2.72392487666973
HSY,34,110,2.2,2.01,2.39,5,0,109.169998,0.143516493362819,0.208785672094631,1.52833585646977
DCO,167,30,4,4.1,5.1,50,64,32.049999,0.232298534986028,0.47902518071503,3.13681428535878
SCL,167,95,1.55,1.8,2.4,26,26,83.660004,0.122954487887278,0.273366845964446,0.203470117383782
ES,20,60,1.1,0.9,1.1,37,112,60.439999,0.146409029780441,0.153324436710962,1.06195120923508
MCD,76,145,12.95,12.5,14.4,331,1495,156.679993,0.192663859234168,0.258101499458268,13.0564387698579
DFS,839,32.5,31.78,30.5,33.9,20,20,64.480003,0.179121564047347,0.412508399827236,32.0030335451923
MGP,167,35,0.25,0,0.15,10,56,30.209999,0.134102977597882,0.162627765053865,0.0649507690816531
TWLO,111,65,0.01,0,0.05,182,439,29.85,0.410727445510757,0.607596672439275,0.000746699854956132
AUY,202,5,0.05,0.04,0.08,926,1098,2.65,0.493420360582175,0.658059220839774,0.0224405042823624
KMG,20,60,0.25,0.05,0.4,30,30,54.880001,0.185363416701563,0.37289794397027,0.0181854214406005
HCN,111,85,0.15,0.1,0.25,151,1374,70.279999,0.16074641395391,0.222985804192088,0.0390500256017041
PFS,20,25,0.6,0.5,0.85,2,14,26.67,0.209545269993287,1.02565771488307e-16,1.72544549869595
MX,111,10,1.33,1.8,2.05,165,238,11.35,0.446543836650465,0.539969630035328,1.85550908516002
CW,48,110,1.5,0.8,1.25,13,23,104.540001,0.148301657320198,0.211627102122479,0.531205875371338
ATEN,48,7.5,0.66,0.4,0.7,40,193,7.56,0.551963200771332,0.615916766361348,0.630769884393611
STM,20,17.5,2.02,1.95,2.1,217,20086,19.42,0.316388781684385,0.463746623461524,1.96942195401406
SB,20,5,0.05,0,0.1,141,1030,2.74,0.695859279817535,2.12953295622852,1.60389630380043e-05
GPK,76,15,0.35,0.3,0.4,2651,5397,13.95,0.167191055367142,0.311706829450236,0.100760469396215
CIR,48,70,0.7,0,4.4,40,54,54.43,0.294706354551153,1.16797900682577,0.0205687684164015
SCHW,475,65,0.3,0.15,0.4,100,200,43.740002,0.218181841200601,0.230194881870989,0.312886894725867
OIS,48,25,1.5,1.35,1.75,2,0,25.35,0.237368927145981,0.431181905159727,1.05049756653208
AHP,20,7.5,2.4,1.45,2.55,1,1,9.5,0.212619680343088,1.67516536708018,2.00000008302885
CAH,475,90,0.9,0.5,0.9,30,16,66.919998,0.175502318281608,0.206156485988215,0.474795114347317
NRG,111,28,1.43,1.3,1.4,546,11307,25.59,0.32183230795563,0.411030973954473,0.927410508113826
WMB,111,5,23.86,23,27.45,35,0,30.01,0.137321504251335,4.19300491402735,25.01
USM,111,40,0.69,0.4,0.75,10,50,35.400002,0.284874646470665,0.286888237021679,0.737692095955962
AXTA,111,38,0.74,0.5,0.65,1000,1040,28.92,0.111934148227358,0.471835655538281,2.05024839556201e-06
VR,20,50,0.75,0.45,0.85,101,45,49.209999,0.566218156337413,0.25995211790321,2.2448846789824
ACN,6,135,0.85,0.8,1,76,184,135.070007,0.15188209379876,0.139656998118649,1.08440225953885
OKE,202,57.5,2.5,2.35,2.7,38,374,55.41,0.155275666572098,0.218121960460148,1.68744989015928
MTN,202,330,0.15,0,0.3,5,14,228.119995,0.195637896798745,0.235087651759214,0.0711729631771263
ARMK,20,45,0.1,0,0.15,10,5,40.610001,0.0963425022436978,0.335209006247404,5.16774649575083e-07
KMG,48,55,2.05,2.1,3.2,1,2,54.880001,0.185363416701563,0.410485477264195,1.41382400403697
PN,20,2.5,0.6,0,0.65,10,208,1.35,1.06725140816048,7.2994124475489,0.00101332391887863
REN,111,42,2.8,0.5,0.75,10,10,29.690001,0.689582715107151,0.569916621859384,1.30436215623991
HRC,167,45,30.47,27,31.8,10,10,74,0.153430881125597,0.783629592089082,29.000000946737
TS,167,30,1.5,1.2,1.4,3,84,28.309999,0.232473939394051,0.272422505392595,1.10462319585411
SNE,202,40,1.35,1.5,1.75,516,512,37.34,0.1931597426566,0.252035500523595,1.13359565529286
LAZ,48,43,1.75,1.55,1.8,10,7,45.220001,0.198691097587718,8.09445850478898e-18,2.6748431351629
ACRE,48,12.5,0.9,0.65,1,12,14,13.31,0.123003724253845,0.264069679083848,0.830743306568481
ATI,48,22.5,2.3,2.35,2.5,27,1117,23.9,0.389255009800592,0.510229031657214,2.122738658958
CVA,167,20,0.05,0,0.1,200,200,14.85,0.1994783073456,0.293513197519228,0.0111325101320283
CALX,111,8,0.45,0.3,0.5,100,1403,5.05,0.346321813547075,1.11458391043787,0.00320284839503793
BAH,20,40,0.05,0,0.3,100,300,37.389999,0.138867872398802,0.323980444030471,0.00869116423235605
BBW,167,7.5,2.23,2.15,2.4,10,10,9.15,0.273235544261144,0.641713598049957,1.75985428113247
AXE,20,85,0.65,0.65,0.9,1,6,85,0.257863325177941,0.113384913155402,2.04655375909125
SSTK,48,42.5,0.47,0.35,0.5,5,156,33.290001,0.220271915596673,0.587719914459408,0.000933864539274673
SAP,167,130,0.35,0.25,0.45,166,283,109.650002,0.127750475829244,0.172733696071665,0.0948003637412924
NYT,48,21,0.25,0.25,0.35,502,502,19.6,0.10292337575578,0.299272620637329,0.00955785698536094
MSGN,48,25,0.2,0,0.2,155,3329,21.200001,0.254258219504394,0.392638376283698,0.0311934540817724
BSX,475,18,10.9,11.35,12.15,174,183,29.17,0.121659327704683,0.43527735512731,11.1702018244346
KR,48,21,0.55,0.5,0.6,1332,309,20.059999,0.340524812737727,0.337135794658512,0.609370192273027
FNF,20,48,0.46,0.35,0.55,153,27,47.459999,0.219770887203827,0.177440974884251,0.733056595392462
MCY,167,60,2.25,1.65,2.25,4,5,56.689999,0.244012558059001,0.233401412427517,2.40648091213178
CNS,76,45,1.23,0,0.2,6,6,39.490002,0.168391417911789,0.22239569240438,0.0592254815019471
GLOB,139,45,1.85,2,2.75,5,23,40.07,0.231619319734628,0.462284026358766,0.713456666709346
MCY,76,65,0.6,0.25,0.65,5,13,56.689999,0.244012558059001,0.293609876194434,0.357170104892229
SBH,76,22.5,0.23,0.1,0.25,10,38,19.58,0.309630344739501,0.307768281064494,0.254361349716103
PBFX,111,17.5,2.7,2.65,4.6,3,0,21,0.126717997603386,0.586141221401654,3.50190386120103
FBC,111,35,2.3,1.75,2.1,343,740,35.48,0.166558418292058,0.238811276681289,1.54500280960739
MITT,139,17.5,2.04,1.65,2.45,36,0,19.24,0.111108693466137,0.313116460047729,1.78792425693061
BCS,76,13,0.05,0,0.1,200,682,10.35,0.20395042096324,0.392596368879275,0.00252459882426766
WBC,76,155,2.82,2.9,3.4,12,29,148,0.158133071641506,0.228215680409552,1.72454523702991
SLF,139,40,1.5,1.45,1.8,4,141,39.82,0.123808747740223,0.192331275639265,1.12829979288973
ROL,20,45,1.4,1.45,1.65,11,101,46.139999,0.10507897215156,0.229363481095741,1.23037311301677
PVH,475,145,9.9,9.4,11.1,58,201,126.059998,0.133832938370045,0.311706664554522,2.00623590820771
QSR,111,70,1,0.85,1.05,3950,4177,63.880001,0.2314833400228,0.219503851348047,1.18416773567769
PRO,48,30,0.85,0.65,1.05,26,32,24.129999,0.278016298100027,0.811425382547558,0.0148408700248048
HAE,76,55,0.95,0,4.9,10,10,44.869999,0.225289080721809,1.0112436850858,0.0456749919749766
EPAM,111,120,0.07,0,0.1,23,7,87.93,0.258955524827749,0.269240335737611,0.0762603004721796
PES,76,5,0.1,0,0.15,100,261,2.55,0.710648908853974,1.35480762982914,0.00790815869240918
EFX,20,89,14.52,17.3,18,44,22,105.989998,0.829434495817693,0.669041763278363,18.8789534939448
WAGE,48,90,0.05,0,0.1,15,15,60.700001,0.232916609518758,0.525937590865114,1.91530376142121e-06
PDM,76,22.5,0.2,0.1,0.45,5,14,20.16,0.10147647103281,0.334963238061284,0.00292104926594211
DSL,139,22.5,0.05,0,0.1,18,33,21.25,0.0886057807956398,0.0913573078322644,0.0912837815175611
MED,20,60,0.3,0.2,0.5,100,176,59.369999,0.235207284880102,0.138977539755864,1.01981678685983
WGO,48,48,1.45,1.35,1.5,250,14,44.75,0.246981379825976,0.422907392562778,0.514004953053776
PAYC,48,62.5,13.44,12.9,13.3,46,84,74.959999,0.176822219884614,0.467695157333978,12.4629650133048
UNH,258,210,7.15,6.65,7.05,4,254,195.850006,0.11456410715305,0.18995835179257,2.67637869310231
TLRD,111,38,2.45,0,0.1,284,284,14.44,0.56053559396925,0.885927106004974,0.00171482596704993
RGR,111,52.5,4,2.9,3.4,15,305,51.700001,0.577833192315222,0.330820235395514,6.20283937879701
RBC,48,90,0.75,0.65,0.95,25,76,79,0.141771534051836,0.364246938392681,0.00777237646392492
SJR,20,22.5,0.7,0.3,1.05,62,120,23.01,0.0818816652109423,0.36163839516613,0.536043163005992
GSH,20,35,1.15,0,0.6,3,3,29.166,0.298176273310316,0.840963109716543,0.00313506608951949
NDRO,111,5,0.2,0,0.3,234,445,4.35,0.598458381955459,0.554014098675981,0.340899788127966
NMFC,20,15,0.05,0,0.05,27,553,14.25,0.124754552267274,0.203480162711533,0.00679545514536783
TOT,111,52.5,2.35,2.2,2.45,100,2101,53.52,0.112102208155874,0.162679309082585,1.87995018092482
AGN,167,200,16.76,17,18,170,68,204.949997,0.283831593632798,0.282272122146696,18.0841218426572
UBA,230,22.5,0.55,0,1.45,16,16,21.700001,0.210133457573975,0.26084382664615,1.1033423015114
PEP,356,90,25.56,21.85,22.95,50,105,111.43,0.0932761688251693,0.205239423524245,21.4619540213006
WLK,111,50,13.8,32.8,33.5,59,59,83.089996,0.181888279485539,0.559337197706206,33.0899962432963
BVN,48,13,0.6,0.5,0.7,608,498,12.79,0.319028105431233,0.429605896655885,0.495705265026129
AMG,76,190,7.46,7.2,7.9,7,23,189.830002,0.141063992892334,0.231062384336499,4.79157306072001
HOME,167,30,1,0.75,1.35,48,94,22.84,0.539331970306679,0.558936211008465,1.24604820187671
NTP,76,15,0.15,0.05,0.15,100,299,10.85,0.215494656293246,0.55206718628916,0.000163133518771216
SPG,111,165,5.19,5.15,5.6,14,754,161.009995,0.203818174808783,0.207171818362965,5.48270530786054
DG,48,82.5,1.7,1.55,2,16,160,81.050003,0.159468314504228,0.225113512213933,1.24929624605634
SFR,202,40,0.65,0,1.25,1000,1000,36.369999,0.215072237524973,0.237275332739158,1.03662372089316
MNR,139,15,1.4,1.25,1.5,40,136,16.190001,0.140395833455656,0.198602453859214,1.33026278989663
LPI,202,14,1.05,1.25,1.45,400,400,12.93,0.382286528130266,0.487929147210695,1.04623420205439
SBS,20,5,4.4,5.1,5.8,20,10,10.46,0.30167561761262,2.92064842305372,5.46
NAV,27,46,0.65,0.65,0.85,90,90,44.07,0.339694572700315,0.335217020767949,0.869593820157844
DSX,167,6,0.13,0.1,0.2,13,17,3.63,0.334835093243879,0.754302139112227,0.00487050881954761
TTI,167,2.5,0.3,0.2,0.3,15,20,2.86,0.548650849759271,1.31639476263244e-18,0.599818534548611
UAA,48,25,0.04,0,0.04,2000,2092,16.48,0.260767466414327,0.584935999191389,2.08318875271951e-06
SKT,167,30,0.3,0.1,0.25,82,254,24.42,0.252811616110547,0.250756482772692,0.257206954676646
DCT,76,55,2.75,3.1,3.6,1,10,57.919998,0.136391845705409,0.172284744427823,3.31943076835272
WRB,48,50,17.1,16.1,19.1,2,0,66.739998,0.225446750771928,0.9747403352457,16.7402402885128
WWE,20,15,7.1,8.4,8.8,200,200,23.549999,0.176859825128583,1.42114320146132,8.549999
LTM,76,12.5,0.72,0.55,0.7,5,65,13.25,0.264090137948098,5.03538821967635e-18,1.06442394079877
EVR,76,85,1.7,1.4,1.8,180,126,80.25,0.278666282342377,0.246193767351042,2.23409774777301
HTH,48,30,0.05,0,0.1,5,16,26,0.352092808581332,0.278807147455018,0.234504430231212
BPT,20,22.5,0.4,0.2,0.4,278,371,22.450001,0.23823328690716,0.20228851602919,0.475346763760136
WGL,202,75,10.2,7.4,12,1,2,84.199997,0.0469865578598257,0.270444692333298,9.20033665677241
GWRE,20,55,5,22.2,23.6,13,13,77.860001,0.378801826922138,1.12203813432136,22.8600597652809
RYI,20,10,1.01,0.95,1.4,70,299,10.85,0.659493792866534,0.939938948571959,1.153707035413
SVU,20,21,1.81,1.4,1.6,4,37,21.75,0.418101486248764,0.595451905580232,1.26225263285855
KMI,6,19.5,0.05,0.04,0.09,190,744,19.18,0.15516507481749,0.21514780622956,0.0437165471503755
ALL,839,95,8.55,7.7,9.35,59,60,91.910004,0.223947662424616,0.192198479055683,11.1124138563144
STO,48,20,0.55,0.5,0.6,20,82,20.09,0.122692439022168,0.191019973861765,0.402581547175314
VC,48,135,0.95,1.1,1.4,1,1,123.769997,0.158695318100249,0.277793794210991,0.213446244794108
MTZ,20,46,1.5,1.45,1.6,74,1226,46.400002,0.318124711493349,0.322453911030487,1.58145941756209
APTS,20,12.5,5.6,5.9,6.8,150,2,18.879999,0.192918102388935,1.63910979910828,6.379999
NJR,48,40,2.6,2.2,3.3,6,6,42.150002,0.119335802168517,0.344938747284713,2.2476887271856
CSLT,139,5,0.34,0.35,0.5,5,148,4.3,0.320277164420719,0.707345518819731,0.117177560291425
SOL,20,1,1.55,0,4.9,10,10,2.33,0.508315909146103,4.9684679404189,1.33000000000001
KEM,76,3,10.65,17.8,18.4,42,30,21.129999,0.535794826592359,2.87604816806128,18.129999
TOT,111,45,9.8,8.5,9,1200,10,53.52,0.112102208155874,0.277217595659652,8.52227037128555
NNN,76,40,2.25,2.1,2.5,25,318,41.66,0.139772383233487,0.205782839837754,2.07284116851957
CLI,111,30,0.04,0,0.1,20,50,23.709999,0.134313735302842,0.272083485705131,0.000398199946308877
CRL,48,120,0.62,0,3.8,10,10,108.019997,0.142960125405502,0.515185235762546,0.0463748310930656
ESS,20,200,51.39,53.1,55.2,30,0,254.029999,0.138633824819998,0.698093597014611,54.0299990000001
AVY,20,95,4.35,3.6,4.1,33,422,98.339996,0.150581881623914,0.221846890984468,3.63463212214384
FUN,76,80,0.07,0,0.15,12,79,64.120003,0.196730038846217,0.278416090765637,0.014346657365603
HY,48,75,3.5,3.9,4.9,22,22,76.440002,0.234970117189509,0.378252147206033,3.35699864106884
MHO,111,22.5,3.77,4.5,4.9,40,0,26.73,0.142424708067416,0.400007069653104,4.23958605472374
NYLD,139,20,0.7,0.55,0.8,50,5202,19.299999,0.167896930667874,0.23074867320162,0.509341854182457
DB,20,16,1.36,1.35,1.39,2878,2185,17.280001,0.302190478521148,0.332404908658174,1.36261336296852
RDN,111,25,0.15,0,0.1,300,428,18.690001,0.312719496185929,0.33629690929064,0.0702070403516197
FIS,48,100,0.49,0.41,0.57,20,20,93.389999,0.0951832577460756,0.190877356828191,0.0297768682177746
VVI,48,60,1.3,2.55,3,59,69,60.900002,0.15004257659287,0.288804327668218,1.81082431609531
AG,20,16,0.03,0,0.05,180,110,6.84,0.428925037741471,1.90602421570681,0
FELP,48,5,0.1,0,0.15,15,55,4.23,0.332356658091901,0.646463070162718,0.0208613546927439
MPC,20,55,1.87,1.67,1.8,2887,45102,56.080002,0.249944894351369,0.227996030231631,1.9071048456907
SALT,20,5,2.14,1.95,2.2,2010,2010,7.05,0.543286647726044,1.41127573854908,2.05079434631599
RACE,27,108,4.8,4.1,4.5,18,18,110.480003,0.325876402964855,0.261910051821364,5.227240294252
TEL,20,75,7.6,7.9,8.8,630,706,83.059998,0.132163051924556,0.451332799127432,8.06030906863593
CAT,6,125,0.73,0.67,0.79,246,326,124.709999,0.124345111311638,0.145283026112264,0.657499702191146
RM,48,25,0.65,0.3,1,10,0,24.209999,0.256951070881654,0.382007313481228,0.573038168385157
MOS,34,22.5,0.49,0.42,0.58,283,283,21.59,0.259934829124064,0.360747516723045,0.334842992114266
AXL,20,19,0.12,0.05,0.15,500,316,17.58,0.357551636907383,0.36132480357735,0.145798487253108
HOG,475,65,0.65,0.68,1.15,5,49,48.209999,0.211473291850964,0.246156936106914,0.696025355277714
TKR,20,50,0.5,0.35,0.5,45,142,48.549999,0.189803956215201,0.233162049836087,0.333144117643853
XRF,230,10,0.1,0,0.25,60,0,6.59,0.554123335755877,0.506543670925946,0.323193834168792
AL,48,45,0.53,0.5,0.6,2808,477,42.619999,0.194395279769088,0.23662962720236,0.390440547217702
MHK,48,240,11.55,11.6,12.6,30,233,247.509995,0.175958114735863,0.235758726998698,10.6682831634942
CNX,111,21,0.2,0.19,0.25,17,102,16.940001,0.313355636712305,0.35328923426538,0.166774938656081
CPT,48,95,1.5,0.65,1.7,60,82,91.449997,0.146237367701966,0.234630817255158,0.684652028688301
ARW,76,80,3.38,3,3.8,3,26,80.410004,0.12191449753383,0.246096203125618,1.99230710199381
FSIC,111,10,0.03,0,0.05,20,159,8.45,0.180411998009825,0.230064306789195,0.0170046915174098
IBN,48,10,0.08,0,0.04,10,10,8.56,0.145038368005339,0.310899874603971,0.000216739813426009
BGC,48,18,2.4,1.7,2,50,587,18.85,0.329556205658242,0.578055656832346,1.36747852160808
FIG,167,9,0.05,0,0.05,400,2688,7.97,0.0792896936031194,0.151447343205782,0.00183501503062811
HZN,76,17.5,1.1,1,1.9,5,27,17.639999,0.441018018230333,0.573517356872195,1.47930716285091
HHC,111,145,0.1,0.1,0.25,10,127,117.93,0.139543558367127,0.214218544657112,0.0111818704124612
EXPR,475,5,2.46,2.2,2.75,1,18,6.76,0.33650930088461,0.666874560976708,2.03219114644194
DK,20,25,1.7,2,2.25,147,1293,26.73,0.364276268682836,0.493266994053952,2.00205289628069
AVA,76,40,3.02,6.8,16.4,7,0,51.77,0.0511659412957209,1.13964726169849,11.77
OIS,76,35,0.5,0.25,0.65,3,30,25.35,0.237368927145981,0.661052011101145,0.00132945930786377
PFGC,76,30,0.85,0.2,1.25,15,74,28.25,0.256985148857895,0.378679067652666,0.66153356167735
ARC,139,5,0.1,0,0.15,40,50,4.09,0.320207251997422,0.424313413535853,0.0718942974705169
OAKS,20,2.5,1.75,1.65,2,10,10,4.46,0.192712608235291,1.67566968022907,1.96
AMC,20,18,0.08,0.05,0.1,4705,5373,14.7,0.617291986182748,0.641525102458781,0.0857295460661218
QTWO,48,50,0.65,0.55,0.8,100,100,41.650002,0.200108178537534,0.530077850861083,0.00627221172624859
AL,48,45,0.53,0.5,0.6,2808,477,42.619999,0.194395279769088,0.23662962720236,0.390440547217702
HR,139,35,0.54,0.65,1.05,10,14,32.34,0.132503723420819,0.256127539488189,0.243997022005122
RM,48,25,0.65,0.3,1,10,0,24.209999,0.256951070881654,0.382007313481228,0.573038168385157
BOX,20,21,0.12,0.05,0.15,294,527,19.32,0.333186222449785,0.365002610181417,0.114495258816654
MYE,20,20,0.3,0.55,0.85,25,25,20.950001,0.240483486224678,2.29489371729855e-17,1.08263112025694
RLH,20,5,2.2,3.4,4,50,50,8.65,0.252041624898195,2.49529073482917,3.65
CAT,48,90,34.95,34.15,34.95,34,174,124.709999,0.124345111311638,0.488289022435309,34.7099990000001
EL,111,95,15.93,13.9,14.6,30,294,107.839996,0.126326238267037,0.277030218954522,12.9357143435395
STM,111,20,1.15,1.1,1.25,548,9202,19.42,0.316388781684385,0.351676692873131,1.09958566775963
K,475,90,0.46,0.2,0.55,1,85,62.369999,0.211043828087352,0.215764964490528,0.498621954067464
MBT,76,10,0.8,0.65,0.8,68,3906,10.44,0.333970770499909,0.297156147318267,0.865302480096993
BID,111,40,7.95,7,7.4,40,112,46.110001,0.176001753152792,0.374678314279829,6.24225492218775
IRM,202,45,0.45,0.45,0.6,5,29,38.900002,0.18020728878503,0.207848979681043,0.394623544450165
RJF,48,82.5,3.8,3.6,3.9,1418,328,84.330002,0.206040779413942,0.239845524826371,3.50722745239511
GPN,48,100,1.7,1.7,1.95,93,107,95.029999,0.144406558594207,0.279973661292933,0.447157415936438
GIMO,111,35,9.5,8.1,8.6,20,21,42.150002,0.23978238917047,0.481531357593367,7.33359390246228
RPT,167,15,0.1,0.05,0.2,4,845,13.01,0.226869263787018,0.225109833442841,0.204286946001618
SCHW,76,49,0.14,0.05,0.2,20,69,43.740002,0.218181841200601,0.195774115239291,0.291457993099158
VNTV,139,80,1.12,0.8,1.1,3,69,70.470001,0.0925441290425586,0.23152035731484,0.0197308567075153
GTS,111,30,0.25,0.3,0.45,46,46,23.68,0.437807391436585,0.407777193162642,0.554482260974951
XOM,258,105,0.03,0.01,0.07,100,182,81.980003,0.0984933420111294,0.139990026261844,0.00305176104000435
AJG,202,65,0.95,0.6,1.2,120,122,61.549999,0.140161846145725,0.136641186470236,1.25736206682882
ANET,20,185,7.6,7.4,8.1,32,345,189.610001,0.307894292174667,0.313940300050601,8.00019865503525
AJG,202,65,0.95,0.6,1.2,120,122,61.549999,0.140161846145725,0.136641186470236,1.25736206682882
MLI,48,35,0.3,0.3,0.55,25,23,34.950001,0.272774686238721,0.113577866597141,1.35479926529496
